(50, 173.3, 0.832061069, 2.389312977, 12.86259542, 22.58015267, 83.4, 3.1, 17.3, 0.007633588, 0, 1.320610687)
(51, 237.0, 1.112582781, 1.738410596, 20.86092715, 33.67218543, 86.0, 2.0, 6.1, 0.006622517, 0.0, 1.728476821)
(52, 253.6, 1.041322314, 1.115702479, 20.52479339, 34.53719008, 86.4, 1.2, 0.4, 0.004132231, 0.0, 1.772727273)
(53, 166.6, 1.25, 1.827380952, 12.05357143, 23.2202381, 70.9, 2.6, 13.4, 0.0, 0.0, 1.452380952)
(54, 196.0, 0.633136095, 2.118343195, 15.78106509, 24.6, 96.8, 4.3, 25.1, 0.01183432, 0.0, 1.627218935)
(55, 272.0, 0.935606061, 1.136363636, 1.234848485, 35.9, 96.8, 1.6, 2.5, 0.003787879, 0.0, 2.109848485)
(56, 220.0, 0.965811966, 2.205128205, 17.61965812, 31.0, 79.9, 3.3, 14.6, 0.012820513, 0.3, 1.427350427)
(57, 190.7, 1.199052133, 1.090047393, 13.41232227, 24.6, 78.2, 2.1, 8.4, 0.004739336, 0.0, 1.436018957)
(58, 257.9, 0.668202765, 1.760368664, 22.00921659, 34.5, 96.6, 2.3, 3.9, 0.004608295, 0.1, 1.98156682)
(59, 211.2, 0.723958333, 1.630208333, 17.75520833, 28.1, 92.3, 2.4, 8.7, 0.0, 0.0, 1.526041667)
(60, 0.5, 0.008695652, 0.0, 0.008695652, 0.026086957, 81.9, 19.0, 81.8, 1.052173913, 7.0, 0.652173913)
(61, 0.8, 0.0, 0.011764706, 0.047058824, 0.1, 146.9, 18.7, 80.5, 3.670588235, 28.1, 0.994117647)
(62, 0.01369863, 0.006849315, 0.006849315, 0.006849315, 0.006849315, 75.0, 20.5, 90.8, 1.924657534, 14.6, 0.630136986)
(63, 1.6, 0.029411765, 0.014705882, 0.058823529, 0.3, 31.7, 14.6, 72.9, 1.647058824, 19.2, 0.720588235)
(64, 0.011363636, 0.0, 0.0, 0.0, 0.011363636, 39.6, 16.1, 69.8, 4.357954545, 39.1, 0.772727273)
(65, 0.8, 0.0, 0.007407407, 0.044444444, 0.1, 82.8, 17.8, 83.2, 1.503703704, 15.9, 0.562962963)
(66, 0.1, 0.0, 0.0, 0.004424779, 0.004424779, 158.3, 19.5, 81.2, 2.278761062, 14.3, 0.778761062)
(67, 1.7, 0.031578947, 0.0, 0.057894737, 0.2, 69.6, 20.2, 88.0, 2.589473684, 23.9, 0.7)
(68, 0.071895425, 0.006535948, 0.0, 0.006535948, 0.006535948, 0.0, 20.0, 99.8, 2.300653595, 19.1, 0.712418301)
(69, 1.0, 0.0, 0.008474576, 0.0, 0.1, 110.1, 20.0, 104.3, 2.220338983, 21.2, 1.093220339)
(70, 0.0, 0.0, 0.0, 0.0, 0.0, 0.0, 0.0, 0.0, 3.158227848, 35.2, 0.316455696)
(71, 0.0, 0.0, 0.0, 0.0, 0.0, 0.0, 0.0, 0.0, 4.459016393, 56.4, 0.333333333)
(72, 0.0, 0.0, 0.0, 0.0, 0.0, 0.0, 0.1, 0.7, 3.343434343, 40.3, 0.247474748)
(73, 0.0, 0.0, 0.0, 0.0, 0.0, 0.0, 0.00729927, 0.0, 3.364963504, 42.9, 0.299270073)
(74, 0.0, 0.0, 0.0, 0.0, 0.006802721, 39.6, 0.0, 0.2, 2.571428571, 35.5, 0.353741497)
(75, 0.0, 0.0, 0.0, 0.0, 0.027522936, 39.6, 0.0, 0.0, 4.963302752, 61.8, 0.412844037)
(76, 0.0, 0.0, 0.0, 0.0, 0.0, 0.0, 0.0, 0.0, 3.995098039, 49.3, 0.303921569)
(77, 0.0, 0.0, 0.0, 0.003703704, 0.003703704, 118.8, 0.0, 0.1, 4.907407407, 56.0, 0.411111111)
(78, 0.0, 0.0, 0.0, 0.0, 0.0, 0.0, 0.0, 0.0, 2.702531646, 36.8, 0.272151899)
(79, 0.0, 0.0, 0.0, 0.0, 0.0, 0.0, 0.1, 0.9, 2.381294964, 37.3, 0.273381295)
(80, 0.2, 0.0, 0.0, 0.004291845, 0.004291845, 62.9, 0.1, 1.1, 3.278969957, 60.1, 0.326180258)
(81, 0.0, 0.0, 0.0, 0.0, 0.0, 0.0, 0.1, 0.1, 5.8, 76.7, 0.673684211)
(82, 0.1, 0.0, 0.0, 0.01, 0.01, 44.3, 0.1, 0.4, 4.095, 65.4, 0.5)
(83, 0.0, 0.0, 0.0, 0.0, 0.0, 0.0, 0.2, 1.1, 4.922374429, 72.8, 0.712328767)
(84, 0.0, 0.0, 0.0, 0.0, 0.0, 0.0, 0.1, 0.6, 2.896551724, 47.1, 0.448275862)
(85, 0.0, 0.0, 0.0, 0.0, 0.0, 0.0, 0.0, 0.0, 4.716981132, 74.9, 0.408805031)
(86, 0.0, 0.0, 0.0, 0.0, 0.0, 0.0, 0.2, 0.7, 4.290196078, 58.6, 0.392156863)
(87, 0.5, 0.004587156, 0.0, 0.018348624, 0.018348624, 95.8, 0.1, 0.7, 4.504587156, 70.1, 0.724770642)
(88, 0.3, 0.017241379, 0.0, 0.00862069, 0.1, 32.2, 0.5, 2.4, 4.206896552, 68.9, 0.853448276)
(89, 0.2, 0.00330033, 0.0, 0.00990099, 0.00990099, 50.4, 0.3, 2.1, 5.112211221, 75.6, 0.650165017)
