(385, 52, 0.98417448716609768, 0.34469784981141793, 0.47197449054903334)
(386, 52, 0.95455432812181118, 0.22083790771507439, 0.49920293573025171)
(387, 52, 0.95490751646790972, 0.34481293301599475, 0.49014768511447865)
(388, 52, 0.95653057962930976, 0.34732905047363855, 0.48946318190649513)
(389, 52, 0.98426538444375855, 0.34469781138596245, 0.53374760342891958)
(390, 77, 0.87905894398899853, 0.34469787827250115, 0.6149362629114048)
(391, 52, 0.95463922185971328, 0.34916270515176406, 0.54563741097501006)
(392, 59, 0.99806473290444919, 0.24875139195357734, 0.47091673308796339)
(393, 52, 0.95913599530386384, 0.220647862969579, 0.47604593736897433)
(394, 52, 0.95891066820614501, 0.30156931382395852, 0.51116560507080733)
(395, 59, 0.99464651574539353, 0.34469787827244747, 0.47091686193707316)
(396, 52, 0.96257361637301886, 0.24225605695446323, 0.47104535069600401)
(397, 52, 0.96245179056333763, 0.22064764732125636, 0.49530855390565059)
(398, 0, 0, 0.0, 0.0)
(399, 52, 0.9555057865034513, 0.22222224444444669, 0.68712157137692598)
(400, 0, 0, 0.0, 0.0)
(401, 52, 0.95413385189020317, 0.31296979210099668, 0.63648875181318032)
(402, 52, 0.99344590475397332, 0.45029334359706408, 0.47220839155834254)
(403, 0, 0, 0.0, 0.0)
(404, 59, 0.99865309094436561, 0.34469787827244747, 0.4709167330873083)
(405, 52, 0.95567729814143398, 0.35235757335976065, 0.4808642506845236)
(406, 54, 0.82706534621242889, 0.344697878272478, 0.65132034194037047)
(407, 52, 0.95441097999632407, 0.32161883203473762, 0.51642439873329316)
(408, 52, 0.95406497773423304, 0.45399940372488679, 0.54007189252767906)
(409, 52, 0.958632004136445, 0.30658196438729912, 0.48462728497260893)
(410, 52, 0.95691894092777052, 0.28874048413601344, 0.65132034271664618)
(411, 52, 0.96124459737604073, 0.34083307149617187, 0.48282806359759517)
(412, 68, 0.19307091843310142, 0.33083323843046819, 0.63787681005737917)
(413, 52, 0.97474992660152326, 0.34464959538150403, 0.4709167330873083)
(414, 52, 0.99860854083037642, 0.22064824561675705, 0.47091673308730836)
(415, 52, 0.95600876754787867, 0.27238495927100403, 0.48607094063954887)
(416, 54, 0.90470834012541113, 0.34469787827244747, 0.4709167330873083)
(417, 77, 0.90361960840410627, 0.34627247539563771, 0.4709167330873083)
(418, 0, 0, 0.0, 0.0)
(419, 52, 0.95369949310104918, 0.38222143099310546, 0.72415135312186185)
(420, 52, 0.95355526948860436, 0.34424736601599043, 0.47092145938364971)
(421, 52, 0.99661080577754413, 0.22064764732125636, 0.47091673308839033)
(422, 52, 0.96237140429558232, 0.34466503639664242, 0.47091790328102756)
(423, 52, 0.95515984636181384, 0.23655976642964197, 0.67902461753030163)
(424, 52, 0.96024734007646595, 0.34453306651062054, 0.63125119790410855)
(425, 52, 0.95469870497870224, 0.55844351884634991, 0.47865924536452303)
(426, 77, 0.84281946225095905, 0.45580483959689644, 0.4709167330873083)
(427, 52, 0.96462430227156404, 0.22064764828821828, 0.4710950113516359)
(428, 52, 0.99977506151789219, 0.34469787827244741, 0.4709167330873083)
(429, 52, 0.98624906121184164, 0.34469787827207871, 0.47091673308730847)
(430, 52, 0.95473468573560705, 0.22064809848605652, 0.50678104436473281)
(431, 77, 0.90376360831711866, 0.34469787827244747, 0.4709167330873083)
(432, 0, 0, 0.0, 0.0)
(433, 52, 0.98571055255730433, 0.34469787827244747, 0.4709167330873083)
(434, 52, 0.95394259617525012, 0.54842351145544288, 0.47091674697384467)
(435, 52, 0.95427890605005217, 0.52363210483987588, 0.47091673319043686)
(436, 52, 0.97330194227648559, 0.34682575145192085, 0.4709167330950586)
(437, 0, 0, 0.0, 0.0)
(438, 52, 0.95723370976691469, 0.34417970090466621, 0.58303297683813959)
(439, 52, 0.9723946397387615, 0.34469776325164991, 0.47091673676645091)
(440, 52, 0.96470025563268735, 0.34467630442999486, 0.49253030227132594)
(441, 77, 0.85906599008510498, 0.34627247539563771, 0.47093204660680626)
(442, 77, 0.80271877648163681, 0.34469792648979553, 0.47491972894632845)
(443, 0, 0, 0.0, 0.0)
(444, 52, 0.96463721337837027, 0.34452719755540812, 0.47093601980520722)
(445, 52, 0.95540064373453015, 0.28467755628815888, 0.67641116364578657)
(446, 52, 0.95385610829327871, 0.38496266246976302, 0.47091673308938381)
(447, 59, 0.98868846929866638, 0.25324141154843638, 0.49329435275764894)
(448, 52, 0.95630392464859637, 0.33044265515733157, 0.4933935979493258)
(449, 52, 0.95389567138541631, 0.34600239844254943, 0.48861716467138888)
(450, 52, 0.95457582307599909, 0.37107248742506449, 0.56385670085750395)
(451, 0, 0, 0.0, 0.0)
(452, 0, 0, 0.0, 0.0)
(453, 52, 0.9664694577313101, 0.24855435335326259, 0.47092847692250223)
(454, 0, 0, 0.0, 0.0)
(455, 0, 0, 0.0, 0.0)
(456, 70, 0.99995957125146806, 0.33333333333333331, 0.25256728360682995)
(457, 70, 0.99899291186567329, 0.34579672968484887, 0.25756430458584467)
(458, 70, 0.99924096876091062, 0.33333333333333331, 0.27295883275131322)
(459, 85, 0.9999772515506018, 0.33333333333333331, 0.31135827835508634)
(460, 70, 0.99999855507291746, 0.33333333333333331, 0.27557834021415123)
(461, 0, 0, 0.0, 0.0)
(462, 70, 0.9999907384631318, 0.36633752048310303, 0.29015062791541324)
(463, 71, 0.99998251294357277, 0.3360139434919967, 0.64707136344704386)
(464, 85, 0.99999824922636127, 0.35948114594652619, 0.67330163891635986)
(465, 78, 0.99999672414755647, 0.33333333333333331, 0.32120838168871274)
(466, 78, 0.99999007629900605, 0.36388233739122877, 0.69112487771646247)
(467, 85, 0.99997116219592264, 0.34035614941453241, 0.43194723110909122)
(468, 78, 0.99999876209800498, 0.33333333333333331, 0.28138397145744437)
(469, 70, 0.99982377062810335, 0.33457298431799859, 0.25320341530651774)
(470, 78, 0.99999445577252266, 0.35310274946437026, 0.46550608254066611)
(471, 85, 0.99999706068897776, 0.33333333333333331, 0.48356288792913399)
(472, 70, 0.99997211357875382, 0.33333333333333331, 0.43969065694051768)
(473, 70, 0.99997745823014905, 0.33333333333333331, 0.7163499362788639)
(474, 70, 0.99996559576467647, 0.36608655706276344, 0.67766112097523123)
(475, 85, 0.99998312932971667, 0.33333333333333331, 0.47666965469435341)
(476, 71, 0.99999749142436523, 0.33333333333333331, 0.53995796407415464)
(477, 71, 0.99998263758377759, 0.36857131292430984, 0.30384482544178198)
(478, 70, 0.99998359543007032, 0.36424038747791027, 0.63172236243471636)
(479, 0, 0, 0.0, 0.0)
(480, 70, 0.99970778874294508, 0.34037141413610983, 0.28833035810397495)
(481, 71, 0.99999356251142046, 0.33333333333333331, 0.47345947163357377)
(482, 85, 0.99997363099802661, 0.33333333333333331, 0.50155324564810255)
(483, 85, 0.99999508082620359, 0.34063593609810056, 0.26147230668249266)
(484, 85, 0.99998019012183359, 0.33333333333333331, 0.75069694185999669)
(485, 78, 0.99997277169837717, 0.35108119317656922, 0.26206956057355479)
(486, 0, 0, 0.0, 0.0)
(487, 70, 0.99987415112983968, 0.33793436186428899, 0.274860455764671)
(488, 0, 0, 0.0, 0.0)
(489, 0, 0, 0.0, 0.0)
(490, 85, 0.99998172617914804, 0.36031311199301258, 0.33364905423512053)
(491, 71, 0.99999062363452029, 0.33333333333333331, 0.42339882044979227)
(492, 85, 0.99999796256956619, 0.33333333333333331, 0.56072413358250406)
(493, 85, 0.99998831937132093, 0.36209322241283548, 0.69585878150732849)
(494, 76, 0.99998094712453267, 0.36696634018226221, 0.32791312050100635)
(495, 85, 0.99997720537106038, 0.34460132184693504, 0.72588294010317023)
(496, 71, 0.99997786182707604, 0.33333333333333331, 0.32254948929897692)
(497, 78, 0.9999791688755405, 0.33333333333333331, 0.55596278392908538)
(498, 81, 0.99999813270649818, 0.33333333333333331, 0.62225646816838331)
(499, 70, 0.99998281555069068, 0.33333333333333331, 0.56003126835474371)
(500, 85, 0.99999663251540072, 0.33598714604888369, 0.75030167386140667)
(501, 85, 0.99996891659186193, 0.3666367227835533, 0.32788816577406582)
(502, 85, 0.99999593122635, 0.33333333333333331, 0.57489941213249873)
(503, 0, 0, 0.0, 0.0)
(504, 70, 0.99997375296453583, 0.33333333333333331, 0.27416049158887518)
(505, 70, 0.99977905809095668, 0.35121191918782596, 0.61803807646659958)
(506, 70, 0.99997620588766323, 0.33333333333333331, 0.40106938582662749)
(507, 85, 0.99996710859590654, 0.34798507941829626, 0.26445180687248565)
(508, 0, 0, 0.0, 0.0)
(509, 70, 0.999984894214342, 0.33333333333333331, 0.44788851006958996)
(510, 0, 0, 0.0, 0.0)
(511, 70, 0.99998282922386339, 0.36836249479446592, 0.30072837522724527)
(512, 78, 0.99999887406400156, 0.33333333333333331, 0.28238388113119012)
(513, 70, 0.99985495690659176, 0.35501392524869618, 0.26306725343811582)
(514, 0, 0, 0.0, 0.0)
(515, 0, 0, 0.0, 0.0)
(516, 0, 0, 0.0, 0.0)
(517, 0, 0, 0.0, 0.0)
(518, 85, 0.99997173547389329, 0.35916811944547955, 0.27439017450997566)
(519, 85, 0.99999003757536065, 0.33333333333333331, 0.4328863964339924)
(520, 0, 0, 0.0, 0.0)
(521, 71, 0.99999290061610946, 0.33333333333333331, 0.30094594159258325)
(522, 73, 0.9999971804028468, 0.34395780059967351, 0.69072454274629891)
(523, 78, 0.99999621255371896, 0.3393474191837903, 0.6920000340923872)
(524, 70, 0.99995982476088263, 0.35944136423105355, 0.70422526380776462)
(525, 0, 0, 0.0, 0.0)
(526, 85, 0.99996030352931708, 0.34865460636989831, 0.69970695169521002)
(527, 70, 0.99984703467318414, 0.33333333333333331, 0.27208910651469043)
(528, 0, 0, 0.0, 0.0)
(529, 78, 0.99998997585994731, 0.33650136074688081, 0.43570073864989495)
(530, 0, 0, 0.0, 0.0)
(531, 78, 0.9999880462983527, 0.33333333333333331, 0.57239629147120841)
(532, 81, 0.99999217578635624, 0.33333333333333331, 0.4181397116364971)
(533, 85, 0.99999655094202533, 0.33885777122927574, 0.74127403291107585)
(534, 70, 0.99991029217328353, 0.35288385882181583, 0.32666989357201365)
(535, 76, 0.99999456520898888, 0.3387368490670089, 0.74817155608305974)
(536, 0, 0, 0.0, 0.0)
(537, 0, 0, 0.0, 0.0)
(538, 85, 0.99996681111271013, 0.33445529306420635, 0.75173023093394242)
(539, 70, 0.99950679337588433, 0.33333333333333331, 0.30765440952755974)
(540, 78, 0.99999007040118204, 0.33333333333333331, 0.7371462798856937)
(541, 76, 0.99999128863611186, 0.33333333333333331, 0.27376803478535455)
(542, 70, 0.99999748591443505, 0.33333333333333331, 0.27009074465024802)
(543, 76, 0.99999508472794552, 0.35529510009861759, 0.66390982902985129)
(544, 76, 0.99997118176957656, 0.33333333333333331, 0.28348082690738513)
(545, 71, 0.99999699475980908, 0.33333333333333331, 0.55230185274296539)
(546, 78, 0.99999158568473423, 0.33333333333333331, 0.57490166122646813)
(547, 85, 0.99997577407290772, 0.33333333333333331, 0.31084156963612036)
(548, 71, 0.99999887692917089, 0.33333333333333331, 0.52150416533738553)
(549, 81, 0.99999761662810438, 0.33333333333333331, 0.57490008178369911)
(550, 70, 0.99998016572091331, 0.33628798213691952, 0.26427051277378849)
(551, 70, 0.99995041554657094, 0.33333333333333331, 0.27098270823682558)
(552, 85, 0.99983732415386883, 0.33333333333333331, 0.44731240418543106)
(553, 0, 0, 0.0, 0.0)
(554, 0, 0, 0.0, 0.0)
(555, 0, 0, 0.0, 0.0)
(556, 0, 0, 0.0, 0.0)
(557, 76, 0.99998874097139279, 0.33445756534145016, 0.7574928036112526)
(558, 0, 0, 0.0, 0.0)
(559, 0, 0, 0.0, 0.0)
(560, 0, 0, 0.0, 0.0)
(561, 0, 0, 0.0, 0.0)
(562, 0, 0, 0.0, 0.0)
(563, 70, 0.9999762669213178, 0.33333333333333331, 0.55645780944499601)
(564, 85, 0.99998084869173631, 0.33333333333333331, 0.56756480686079869)
(565, 85, 0.9999963339663499, 0.33333333333333331, 0.44242649987329585)
(566, 0, 0, 0.0, 0.0)
(567, 0, 0, 0.0, 0.0)
(568, 70, 0.99998735220693824, 0.35816508025329402, 0.64467289967788577)
(569, 78, 0.99999042890215484, 0.35582944956996598, 0.2689474445893078)
(570, 85, 0.99957783340397599, 0.35939817893242504, 0.33486775218304832)
(571, 85, 0.99999453664239213, 0.35822910188999924, 0.47426625503787356)
(572, 70, 0.99995957125146806, 0.33333333333333331, 0.25256728360682995)
(573, 0, 0, 0.0, 0.0)
(574, 76, 0.99999735838540249, 0.33333333333333331, 0.27072094790148082)
(575, 70, 0.99995922035528362, 0.33333333333333331, 0.25452337411082465)
(576, 70, 0.99997902146975404, 0.33333333333333331, 0.27474791280267147)
(577, 85, 0.99999986200146296, 0.34923108793241192, 0.74313618989923846)
(578, 0, 0, 0.0, 0.0)
(579, 81, 0.99999826611494069, 0.35380410445512822, 0.72307158920831238)
(580, 85, 0.99988705768765496, 0.36900182370839629, 0.58313507835630962)
(581, 70, 0.9993519634334187, 0.34420383385115966, 0.30425353484075601)
(582, 73, 0.99999880062698865, 0.36450268418320508, 0.6516804997163721)
(583, 85, 0.99999376426416631, 0.33889388935193981, 0.42933736169022413)
(584, 76, 0.99999956962399894, 0.33333333333333331, 0.4893814514970003)
(585, 70, 0.99980615392476513, 0.34733827540365003, 0.71901504229698265)
(586, 0, 0, 0.0, 0.0)
(587, 78, 0.99998123608650225, 0.33333333333333331, 0.69170277018721515)
(588, 73, 0.9999996111149515, 0.33333333333333331, 0.58597955082896214)
(589, 76, 0.99996384416303652, 0.33447630676484497, 0.25292498475880132)
(590, 0, 0, 0.0, 0.0)
(591, 85, 0.99999660616024255, 0.34154988180312618, 0.43109519670165758)
(592, 0, 0, 0.0, 0.0)
(593, 71, 0.9999803870460886, 0.34086638063184593, 0.29060585750872264)
(594, 81, 0.9999975040804413, 0.33333333333333331, 0.41450774094171855)
(595, 0, 0, 0.0, 0.0)
(596, 0, 0, 0.0, 0.0)
(597, 78, 0.99999266356800198, 0.33676887028767943, 0.266786086123809)
(598, 85, 0.99979615600869387, 0.33333333333333331, 0.29673060705357623)
(599, 0, 0, 0.0, 0.0)
(600, 70, 0.99995882474966891, 0.35646275074321032, 0.26634072873217063)
(601, 76, 0.99998185501883852, 0.33333333333333331, 0.28908249206722036)
(602, 71, 0.99999074514338748, 0.33333333333333331, 0.56580729605629809)
(603, 71, 0.99999880619811032, 0.33333333333333331, 0.27398875397451128)
(604, 70, 0.99998362232160554, 0.33333333333333331, 0.42430644609540269)
(605, 0, 0, 0.0, 0.0)
(606, 78, 0.99999840335189483, 0.33333333333333331, 0.52136786592635953)
(607, 85, 0.99998503266655892, 0.33670026061080116, 0.26799456804997823)
(608, 0, 0, 0.0, 0.0)
(609, 0, 0, 0.0, 0.0)
(610, 0, 0, 0.0, 0.0)
(611, 85, 0.9999865942907159, 0.33333333333333331, 0.56533283056860328)
(612, 70, 0.99973575200183329, 0.33333333333333331, 0.27485239346591545)
(613, 70, 0.9999914848680167, 0.34957333384659656, 0.2583195660941256)
(614, 85, 0.99998788397117866, 0.36768723163268108, 0.3230400433461128)
(615, 70, 0.99834169219002677, 0.34203794613881056, 0.26110456904405871)
(616, 70, 0.99968977501518486, 0.33333333333333331, 0.27861168916156259)
(617, 70, 0.99984143014714233, 0.33851244233101352, 0.27816926674577896)
(618, 85, 0.99999466598794018, 0.33333333333333331, 0.57523723929939141)
(619, 76, 0.99996384416303663, 0.33333333333333331, 0.25266011238826874)
(620, 0, 0, 0.0, 0.0)
(621, 70, 0.99999501745227348, 0.33333333333333331, 0.53300757400054166)
(622, 0, 0, 0.0, 0.0)
(623, 85, 0.99998413745009684, 0.33333333333333331, 0.33897376484513947)
(624, 70, 0.99999307203562393, 0.36605713418411001, 0.67891216089814155)
(625, 73, 0.99999817839016991, 0.33448752254729641, 0.59192864505607556)
(626, 81, 0.99993050161884789, 0.33333333333333331, 0.28941041277595775)
(627, 76, 0.99997852004971532, 0.3500887394540031, 0.25936408564067492)
(628, 70, 0.99996128393804851, 0.33333333333333331, 0.54219616126943038)
(629, 0, 0, 0.0, 0.0)
(630, 85, 0.99997956368017327, 0.35175851616627479, 0.71122044418853225)
(631, 70, 0.99997234749437769, 0.33333333333333331, 0.32578003653190951)
(632, 70, 0.99998412486103694, 0.33333333333333331, 0.30802153709046037)
(633, 76, 0.99999850341115704, 0.33640884079109779, 0.75251283300331318)
(634, 0, 0, 0.0, 0.0)
(635, 70, 0.99999811780454417, 0.33333333333333331, 0.66009895890875503)
(636, 70, 0.99986772960147474, 0.33333333333333331, 0.26726716311011506)
(637, 70, 0.99999619189764899, 0.36049661911184328, 0.33349762284217871)
(638, 70, 0.99805518797429327, 0.36335010864837203, 0.33874750016375588)
(639, 70, 0.99992746417237643, 0.33333333333333331, 0.28301709021181987)
(640, 70, 0.99999002413382387, 0.34229023842436757, 0.25592892371269815)
(641, 70, 0.99957209370376099, 0.35437370326092121, 0.32961476593708611)
(642, 78, 0.9999683008231548, 0.35925266729705069, 0.33310782936287064)
(643, 85, 0.99998394935754054, 0.34542754624063693, 0.70275853213154438)
(644, 70, 0.99996838462647419, 0.33333333333333331, 0.56929914448908503)
(645, 0, 0, 0.0, 0.0)
(646, 70, 0.99999106286067496, 0.33333333333333331, 0.26929128582296818)
(647, 76, 0.99997658115274934, 0.33333333333333331, 0.27190657131764012)
(648, 70, 0.9990088195995992, 0.33333333333333331, 0.33199077999943977)
(649, 76, 0.99997852004971532, 0.33464514168276316, 0.25384258325680409)
(650, 70, 0.9984496210356939, 0.33550264423391024, 0.25938127449198473)
(651, 70, 0.99819589696751998, 0.33333333333333331, 0.25173032850622407)
(652, 70, 0.99961472123103612, 0.34444937036608958, 0.30493134842613867)
(653, 85, 0.99997173547389329, 0.33333333333333331, 0.25258657253098477)
(654, 0, 0, 0.0, 0.0)
(655, 71, 0.99999911470529712, 0.33333333333333331, 0.41744703991462689)
(656, 0, 0, 0.0, 0.0)
(657, 85, 0.9999784145633196, 0.33615773979590097, 0.26427817839909157)
(658, 0, 0, 0.0, 0.0)
(659, 0, 0, 0.0, 0.0)
(660, 0, 0, 0.0, 0.0)
(661, 70, 0.99858665452849327, 0.34200411675212988, 0.29610717156031513)
(662, 0, 0, 0.0, 0.0)
(663, 70, 0.99982389867945454, 0.33333333333333331, 0.51250849229640838)
(664, 70, 0.99990136315057554, 0.33333333333333331, 0.27398887827860924)
(665, 70, 0.99703408644794755, 0.33470290691482552, 0.25429823763248388)
(666, 71, 0.99998038704608883, 0.34288925237234519, 0.29931046716411364)
(667, 0, 0, 0.0, 0.0)
(668, 0, 0, 0.0, 0.0)
(669, 70, 0.99987851124533733, 0.33333333333333331, 0.75041758113978807)
(670, 0, 0, 0.0, 0.0)
(671, 0, 0, 0.0, 0.0)
(672, 70, 0.99838721918687967, 0.3695302654530418, 0.3276367779278595)
(673, 0, 0, 0.0, 0.0)
(674, 85, 0.99999360134792159, 0.33333333333333331, 0.30118343717062912)
(675, 70, 0.99999739766724871, 0.36764629038245478, 0.6716868764457139)
(676, 0, 0, 0.0, 0.0)
(677, 85, 0.99997660215098094, 0.33531332715049167, 0.25867979556098136)
(678, 68, 0.31870696556063716, 0.33333333333333331, 0.5478265874418119)
(679, 76, 0.99997033233678601, 0.36865308723416162, 0.30258095097200438)
(680, 85, 0.9996682692170894, 0.33333333333333331, 0.29483585204202423)
(681, 70, 0.99997336713215046, 0.36290617289063692, 0.69280194729470679)
(682, 70, 0.99998940656099633, 0.33333333333333331, 0.27065638501748013)
(683, 0, 0, 0.0, 0.0)
(684, 0, 0, 0.0, 0.0)
(685, 70, 0.99993598431989239, 0.33490638805194189, 0.7462175415189799)
(686, 78, 0.99998967066001565, 0.33459608639164867, 0.27331138967106394)
(687, 76, 0.99998112152728957, 0.33333333333333331, 0.74606084945861983)
(688, 76, 0.99999698353412736, 0.3672645012203819, 0.67781246851753207)
(689, 70, 0.99974874685871729, 0.33466762429401531, 0.26990710376098032)
(690, 70, 0.99827949253855075, 0.33333333333333331, 0.25667432552043712)
(691, 70, 0.99998686606914322, 0.33333333333333331, 0.29894028844654819)
(692, 76, 0.99999653657430443, 0.36645051469400225, 0.32912521812552409)
(693, 70, 0.99840213033087066, 0.3407867870705224, 0.29083396021482749)
(694, 70, 0.99998043047168339, 0.33333333333333331, 0.46350426415687501)
(695, 73, 0.99997531959562391, 0.34657943323579549, 0.31279905740307812)
(696, 78, 0.99999453077409184, 0.3421907032781506, 0.76113460203420491)
(697, 70, 0.999984803410368, 0.33333333333333331, 0.32292281633744041)
(698, 85, 0.99998397195261424, 0.33333333333333331, 0.28400005044363025)
(699, 81, 0.99979952621202561, 0.35924491337696263, 0.27447562495843564)
(700, 70, 0.99798989068264932, 0.33333333333333331, 0.27145637747898854)
(701, 70, 0.98789525159543001, 0.33333333333333331, 0.30979931380746956)
(702, 70, 0.99984402598078592, 0.33333333333333331, 0.27118421872759069)
(703, 70, 0.99999703879216106, 0.33333333333333331, 0.27503973523647746)
(704, 70, 0.99998295272513393, 0.35290793192827397, 0.66318203100303175)
(705, 85, 0.99999267150149651, 0.33333333333333331, 0.33524054977266654)
(706, 70, 0.99962729654742788, 0.33906014781804861, 0.2587139053247372)
(707, 71, 0.9999826375837777, 0.34451873796973626, 0.30651856932533961)
(708, 76, 0.99999737495116525, 0.33333333333333331, 0.55057147514960458)
(709, 0, 0, 0.0, 0.0)
(710, 70, 0.63177874134824386, 0.33333333333333331, 0.32081733945453361)
(711, 70, 0.99980447008552309, 0.35290629001099127, 0.70862690334570877)
(712, 70, 0.99999965312052619, 0.33707144315871063, 0.26288821224940007)
(713, 70, 0.99998619008533918, 0.33333333333333331, 0.27906451016402828)
(714, 76, 0.99999367880295842, 0.33333333333333331, 0.31340287576224607)
(715, 85, 0.99986560540988167, 0.33472882145533878, 0.25474639030008589)
(716, 70, 0.99679216562655237, 0.33495964923142751, 0.25596336664809149)
(717, 70, 0.97310787976051794, 0.33333333333333331, 0.26397501135303786)
(718, 70, 0.99922567739495327, 0.36205128138246978, 0.33607091582980014)
(719, 70, 0.99919836818903141, 0.33494684903230837, 0.27105466906557912)
(720, 78, 0.99999233758300909, 0.33333333333333331, 0.577814858749503)
(721, 70, 0.9999592203552834, 0.33487412684131701, 0.25510099990835056)
(722, 0, 0, 0.0, 0.0)
(723, 70, 0.99984488311962338, 0.33333333333333331, 0.27193251291708337)
(724, 0, 0, 0.0, 0.0)
(725, 70, 0.99988245187401092, 0.16731125981090728, 0.46959421113401728)
(726, 0, 0, 0.0, 0.0)
(727, 70, 0.9984658529175755, 0.073306822874007915, 0.03699270740899524)
(728, 70, 0.99985928608460428, 0.16394107933851121, 0.46113366678271389)
(729, 70, 0.99162731319007269, 0.06887187162854784, 0.035697923931191526)
(730, 85, 0.9999784145633196, 0.076696431551599151, 0.095578501885110523)
(731, 70, 0.99927439655252137, 0.3199200369750827, 0.37309171044528711)
(732, 70, 0.99885085217443181, 0.10243040967544298, 0.046218668276057882)
(733, 0, 0, 0.0, 0.0)
(734, 70, 0.76743641655658168, 0.310881698046027, 0.050601815199732315)
(735, 0, 0, 0.0, 0.0)
(736, 70, 0.99927183428923838, 0.16915779555207797, 0.48790286896980017)
(737, 70, 0.99981836811741842, 0.057210455110533881, 0.088896299888451477)
(738, 70, 0.9973435620000265, 0.071248149653848916, 0.033275172546357104)
(739, 70, 0.9996425171402642, 0.42224755108418716, 0.50989219234493111)
(740, 70, 0.99705193648185386, 0.11479771603776517, 0.066230989950899752)
(741, 0, 0, 0.0, 0.0)
(742, 0, 0, 0.0, 0.0)
(743, 0, 0, 0.0, 0.0)
(744, 70, 0.99858665452849338, 0.2216336492190466, 0.033922995095516127)
(745, 0, 0, 0.0, 0.0)
(746, 70, 0.99998721261262147, 0.46048324255073325, 0.62114186422541051)
(747, 0, 0, 0.0, 0.0)
(748, 70, 0.99817113199469343, 0.10541838562378404, 0.09943937108160146)
(749, 70, 0.99414321050047105, 0.13945663434427746, 0.093825896991075589)
(750, 70, 0.99911472915367894, 0.43330114029105626, 0.75481793796787988)
(751, 70, 0.99767665537649042, 0.06105468910491671, 0.084380337115292359)
(752, 0, 0, 0.0, 0.0)
(753, 0, 0, 0.0, 0.0)
(754, 0, 0, 0.0, 0.0)
(755, 70, 0.99654168997489168, 0.1609122464791774, 0.030154497556342318)
(756, 70, 0.97310787976051805, 0.28063565976385424, 0.042679756847108119)
(757, 0, 0, 0.0, 0.0)
(758, 70, 0.99993777427684505, 0.19562765114108563, 0.50941325277892568)
(759, 70, 0.99983176492867609, 0.15812296947080939, 0.065766524088826647)
(760, 70, 0.99912143094251804, 0.14322218453539573, 0.037841381834826875)
(761, 70, 0.99686290385735621, 0.1598086157971913, 0.048124630683385961)
(762, 76, 0.99997852004971566, 0.18762665947300894, 0.032455940473051233)
(763, 70, 0.99884212003906647, 0.097415897633751289, 0.079570435074640553)
(764, 70, 0.99887024659009882, 0.2465861859687562, 0.38018702874954208)
(765, 0, 0, 0.0, 0.0)
(766, 70, 0.99973575200183329, 0.098886175039842039, 0.12336210331567998)
(767, 70, 0.99935196343341859, 0.19262605231131569, 0.032376287793935372)
(768, 85, 0.99975936482827643, 0.15825078879424315, 0.031697774425462399)
(769, 0, 0, 0.0, 0.0)
(770, 70, 0.99414321050047105, 0.068914611785720059, 0.034388126252218362)
(771, 70, 0.99555314739246636, 0.066451987603054902, 0.087634386374616735)
(772, 70, 0.99894590443786724, 0.053385921140668813, 0.090098519117306416)
(773, 70, 0.99990803964744379, 0.21483645999987505, 0.50629280251383024)
(774, 0, 0, 0.0, 0.0)
(775, 70, 0.99986864908511441, 0.2518736197282001, 0.38357962652702149)
(776, 70, 0.99922324691975284, 0.051402353909094207, 0.087930873662476358)
(777, 70, 0.99839697944892303, 0.095473573606079096, 0.048396064402134696)
(778, 70, 0.99130334270379594, 0.18630229416288557, 0.074989695029116885)
(779, 70, 0.99998270148426383, 0.13942073082491063, 0.096589942149405791)
(780, 70, 0.99920574798611772, 0.1453911521293198, 0.07858177185071448)
(781, 70, 0.99999171046048818, 0.14865780345394775, 0.091744318760055218)
(782, 0, 0, 0.0, 0.0)
(783, 70, 0.99672292621082137, 0.080367699757388278, 0.038298592594345399)
(784, 70, 0.99880318726713935, 0.055461431090271379, 0.090599579421247592)
(785, 70, 0.99967984553854961, 0.073979962099525551, 0.086110726627227449)
(786, 70, 0.99836261167333507, 0.13710518276862749, 0.082861715986660908)
(787, 70, 0.99884543398749226, 0.088825873270645728, 0.041724270794566393)
(788, 0, 0, 0.0, 0.0)
(789, 70, 0.99587942152085118, 0.078037480941259327, 0.031800724417808152)
(790, 70, 0.99870248669122319, 0.15335788999741842, 0.4167702305055398)
(791, 0, 0, 0.0, 0.0)
(792, 70, 0.99944665817893363, 0.23827028387027235, 0.33898909168764563)
(793, 70, 0.99909753084849229, 0.079050881595945741, 0.079943341560210324)
(794, 70, 0.98789525159543012, 0.26256192281508323, 0.03915592159493065)
(795, 70, 0.9999592203552834, 0.25664475324616304, 0.44490171305632376)
(796, 70, 0.99858665452849349, 0.094060258581165873, 0.044646776873880724)
(797, 76, 0.99995910767643525, 0.073176379827684657, 0.038430772699723968)
(798, 81, 0.99964800400053444, 0.099664823621072374, 0.055014293638030475)
(799, 70, 0.99986745418165313, 0.095071304948566956, 0.045763153619029238)
(800, 70, 0.9995783557252319, 0.09091673464872968, 0.031202907908649023)
(801, 70, 0.99848158556481748, 0.069885071812514105, 0.036375807963362178)
(802, 68, 0.58776019967655646, 0.4887829527103873, 0.81115306409866983)
(803, 68, 0.55237197500091995, 0.37062660170244488, 0.41665824644022681)
(804, 70, 0.99934066748748163, 0.45145161745931323, 0.81412272308993794)
(805, 70, 0.99906238603732256, 0.14344899543809062, 0.037918951003424538)
(806, 70, 0.9998044700855232, 0.15529797889648231, 0.047789701166294551)
(807, 70, 0.99995681624778643, 0.084783747924187358, 0.078954356027900227)
(808, 78, 0.99996613253954625, 0.096287303012329434, 0.047243774270804111)
(809, 0, 0, 0.0, 0.0)
(810, 70, 0.99946970485414088, 0.11555113161002055, 0.091352417331212091)
(811, 70, 0.99933184336295089, 0.15257391946167967, 0.043341587286609494)
(812, 70, 0.99633363388719776, 0.085372703514803541, 0.03977835648758845)
(813, 70, 0.99844176386081174, 0.063211738378413707, 0.089375854606418337)
(814, 70, 0.99905742573626732, 0.14997487611638163, 0.38954084913766668)
(815, 0, 0, 0.0, 0.0)
(816, 70, 0.99840204042873093, 0.08472140710673251, 0.031303168545817793)
(817, 0, 0, 0.0, 0.0)
(818, 70, 0.99988827205889208, 0.1387383203792556, 0.089306001541875082)
(819, 70, 0.99996327724311462, 0.24770371214981679, 0.33112861118830322)
(820, 0, 0, 0.0, 0.0)
(821, 0, 0, 0.0, 0.0)
(822, 70, 0.99381530854164823, 0.096081282544846283, 0.05247714764699573)
(823, 70, 0.9991512401301117, 0.14184672306300367, 0.081047436544785495)
(824, 70, 0.99598127111503865, 0.070619572611220927, 0.08744666736258698)
(825, 70, 0.99414321050047105, 0.16737949268190563, 0.070958906348497261)
(826, 70, 0.99998379877821564, 0.1519373462779022, 0.083375746137834605)
(827, 70, 0.99976473778340669, 0.068723880391240166, 0.088699148704366237)
(828, 70, 0.99954399923243642, 0.063614451615870135, 0.086497397087223718)
(829, 70, 0.97890588598866313, 0.19259575175797619, 0.031494434204826977)
(830, 70, 0.99973575200183351, 0.13948696824827778, 0.03021641326557924)
(831, 70, 0.99796564990392267, 0.20797896737687507, 0.03336750781369844)
(832, 70, 0.99952432041345662, 0.095522493320593566, 0.057905874015288301)
(833, 70, 0.99987222550086641, 0.1570091279912991, 0.42993808727365918)
(834, 70, 0.99877425672707176, 0.10235883960850334, 0.11065780288939438)
(835, 70, 0.99983678920105368, 0.1857523998316572, 0.5041053505631633)
(836, 0, 0, 0.0, 0.0)
(837, 0, 0, 0.0, 0.0)
(838, 70, 0.99871579253580467, 0.078004830714632115, 0.037975849524651772)
(839, 85, 0.99995797115018858, 0.21568589687675854, 0.51197487816735132)
(840, 70, 0.99811749574257513, 0.14826228970261213, 0.040491469543757701)
(841, 70, 0.99955697950111255, 0.14726732214359586, 0.079002930834020366)
(842, 70, 0.99885321760869827, 0.14630619715021159, 0.038964131678206858)
(843, 70, 0.99955932379626677, 0.46046882079570062, 0.64975948659851401)
(844, 70, 0.9975685466325056, 0.14016770245767296, 0.0296598204986518)
(845, 70, 0.99934017566232125, 0.15766360927715836, 0.060970426444765302)
(846, 70, 0.98789525159543023, 0.26888614244617309, 0.040352777677168578)
(847, 70, 0.9996508491970223, 0.25759514458755556, 0.37310719871889192)
(848, 0, 0, 0.0, 0.0)
(849, 0, 0, 0.0, 0.0)
(850, 70, 0.99221042739069931, 0.065463814337928597, 0.096357000252582745)
(851, 70, 0.99995060769221789, 0.098388426818733013, 0.057322682526122416)
(852, 70, 0.99974367971360678, 0.14740829074251638, 0.080575180336221311)
(853, 0, 0, 0.0, 0.0)
(854, 68, 0.47765026900155427, 0.49356207862965806, 0.63839509161504226)
(855, 0, 0, 0.0, 0.0)
