(0, 0.9, 2.6, 24.6, 0.559, 0.056, 0.721, 11.2, 3.6)
(1, 1.1, 0.1, 18.8, 0.467, 0.224, 0.81, 2.3, 7.4)
(2, 0.0, 0.0, 22.8, 0.421, 0.0, 0.81, 8.6, 2.3)
(3, 1.5, 0.8, 22.1, 0.541, 0.266, 0.735, 11.7, 3.9)
(4, 2.0, 0.5, 23.2, 0.449, 0.33, 0.9, 6.5, 5.1)
(5, 0.0, 0.0, 27.4, 0.431, 0.0, 0.78, 13.5, 4.3)
(6, 1.3, 0.2, 20.3, 0.441, 0.0, 0.775, 3.8, 6.0)
(7, 1.7, 0.8, 24.3, 0.496, 0.376, 0.886, 10.0, 6.3)
(8, 0.0, 0.0, 30.1, 0.54, 0.0, 0.511, 22.9, 4.4)
(9, 0.0, 0.0, 18.4, 0.375, 0.0, 0.803, 5.2, 7.5)
(10, 1.1, 0.9, 17.6, 0.46, 0.071, 0.783, 13.6, 3.8)
(11, 1.2, 0.5, 20.8, 0.446, 0.0, 0.72, 10.1, 4.0)
(12, 0.9, 0.5, 16.1, 0.432, 0.0, 0.699, 11.0, 2.9)
(13, 2.0, 0.7, 20.4, 0.472, 0.318, 0.788, 6.1, 5.6)
(14, 1.8, 1.5, 22.0, 0.507, 0.261, 0.777, 6.7, 3.9)
(15, 1.0, 2.4, 21.0, 0.504, 0.152, 0.74, 9.8, 1.9)
(16, 1.9, 0.2, 18.9, 0.49, 0.0, 0.786, 5.9, 6.1)
(17, 1.2, 0.8, 26.2, 0.511, 0.297, 0.844, 4.6, 2.8)
(18, 0.0, 0.0, 19.2, 0.452, 0.0, 0.801, 5.0, 4.0)
(19, 1.2, 0.3, 20.8, 0.439, 0.0, 0.815, 6.3, 4.8)
(20, 1.0, 2.0, 21.0, 0.452, 0.147, 0.67, 12.5, 1.8)
(21, 1.9, 0.4, 19.5, 0.52, 0.303, 0.848, 7.2, 11.2)
(22, 0.0, 0.0, 17.7, 0.456, 0.0, 0.803, 4.9, 2.5)
(23, 2.3, 0.8, 30.1, 0.497, 0.327, 0.835, 6.2, 5.3)
(24, 0.4, 0.3, 17.0, 0.499, 0.0, 0.783, 15.6, 3.3)
(25, 1.4, 0.8, 25.0, 0.516, 0.274, 0.742, 10.1, 3.6)
(26, 0.8, 1.3, 20.6, 0.491, 0.1, 0.769, 12.2, 1.4)
(27, 1.4, 0.3, 24.2, 0.441, 0.667, 0.82, 4.2, 5.4)
(28, 0.4, 1.7, 17.9, 0.554, 0.261, 0.798, 7.3, 1.7)
(29, 0.0, 0.0, 23.1, 0.404, 0.0, 0.782, 13.4, 2.8)
(30, 1.0, 0.3, 18.8, 0.464, 0.0, 0.807, 3.0, 3.9)
(31, 0.6, 2.3, 23.7, 0.582, 0.045, 0.527, 10.9, 2.5)
(32, 1.7, 3.1, 21.8, 0.512, 0.202, 0.712, 11.1, 2.5)
(33, 0.8, 1.5, 14.5, 0.537, 0.0, 0.721, 9.1, 1.4)
(34, 0.0, 0.0, 26.4, 0.436, 0.0, 0.761, 16.2, 3.0)
(35, 2.0, 0.8, 16.1, 0.473, 0.326, 0.704, 6.4, 5.2)
(36, 0.6, 1.1, 18.7, 0.476, 0.0, 0.747, 12.9, 1.8)
(37, 1.1, 0.1, 25.7, 0.485, 0.0, 0.838, 7.5, 9.5)
(38, 1.4, 3.0, 21.1, 0.518, 0.25, 0.736, 10.6, 2.5)
(39, 0.0, 0.0, 15.1, 0.44, 0.0, 0.561, 22.5, 4.3)
(40, 0.0, 0.0, 18.5, 0.38, 0.0, 0.849, 12.1, 3.1)
(41, 0.0, 0.0, 17.8, 0.426, 0.0, 0.883, 3.9, 3.0)
(42, 2.2, 0.2, 13.1, 0.515, 0.384, 0.826, 2.7, 10.5)
(43, 1.9, 0.3, 19.2, 0.452, 0.29, 0.759, 3.6, 9.3)
(44, 0.5, 2.1, 15.0, 0.421, 0.0, 0.667, 15.0, 2.7)
(45, 1.1, 0.6, 10.8, 0.509, 0.5, 0.633, 14.0, 3.9)
(46, 0.8, 2.2, 13.3, 0.521, 0.0, 0.66, 10.5, 3.4)
(47, 2.6, 0.7, 27.0, 0.474, 0.0, 0.814, 5.8, 6.7)
(48, 1.3, 0.2, 16.5, 0.432, 0.0, 0.774, 4.7, 6.7)
(49, 1.1, 0.7, 17.6, 0.521, 0.241, 0.769, 5.1, 3.0)
