(0, 22, 0.99719493857499897, 0.29887033418938658, 0.099251986046338656)
(1, 28, 0.99816257540831499, 0.85362005247374073, 0.44009101402778988)
(2, 6, 0.99724885116266315, 0.10109617235602586, 0.065462480340752749)
(3, 49, 0.99977500658338703, 0.83343685861584538, 0.33060576185928769)
(4, 10, 0.99009956052480119, 0.17959798722933143, 0.045704809630691706)
(5, 21, 0.97480728932061422, 0.48537236007459789, 0.21101751628324555)
(6, 49, 0.96448174456752545, 0.077159083997246372, 0.0045836267460225271)
(7, 12, 0.99604796312439192, 0.082884216346713932, 0.081924163685429749)
(8, 11, 0.99824496361001769, 0.81573659792455111, 0.31291566129872161)
(9, 15, 0.99771319788021362, 0.080212137498328159, 0.063759308887680402)
(10, 25, 0.99067658175408713, 0.070685167286186193, 0.015498457537289619)
(11, 44, 0.9954897030510389, 0.083239993739307891, 0.047224464500419831)
(12, 43, 0.99561881975282818, 0.10843324263464409, 0.06595546702437699)
(13, 3, 0.98761018099700659, 0.17791074509061075, 0.066827399814585867)
(14, 35, 0.97669376484421877, 0.07468145788485607, 0.0084573197123412325)
(15, 12, 0.99623294445833988, 0.073833188204242867, 0.043694919240114018)
(16, 44, 0.99631045023507148, 0.31493171913418005, 0.19868718098672128)
(17, 33, 0.99839760242296782, 0.83662733475397566, 0.45881481793416917)
(18, 45, 0.98888922627773657, 0.21753101776326975, 0.030990485484401333)
(19, 19, 0.99906056960340883, 0.34297477169573115, 0.15420179234001918)
(20, 25, 0.99380127199151014, 0.068611333710888053, 0.014444893983796087)
(21, 12, 0.99884592851633369, 0.81379225727520232, 0.31988968258816769)
(22, 1, 0.99865740906136724, 0.2937734800852842, 0.20940096846918158)
(23, 46, 0.99753811470783338, 0.17434406136593114, 0.13563016992798971)
(24, 17, 0.99825081718400421, 0.19980151731180326, 0.19135350083784269)
(25, 44, 0.99339968702252135, 0.070822531611067371, 0.036444128235798581)
(26, 15, 0.9991521109044732, 0.84905132184375509, 0.54043810337189813)
(27, 36, 0.99924614721705718, 0.071986499102737814, 0.12589966250433099)
(28, 4, 0.99931440155785456, 0.078760673263254796, 0.21492344583686598)
(29, 23, 0.99916597966772158, 0.098182387011206518, 0.10261770722093706)
(30, 44, 0.9947157298056063, 0.096332215621672601, 0.036085771778994628)
(31, 6, 0.99939669768834771, 0.93659636981711458, 0.46950782916392686)
(32, 49, 0.99720028390529036, 0.095874102422736265, 0.027036252731813988)
(33, 44, 0.99543190233931533, 0.51570863627625663, 0.31050874065703543)
(34, 3, 0.99826779798227772, 0.071486112822652201, 0.062133179079542585)
(35, 13, 0.99749847924027035, 0.082168324932720471, 0.049490784010988352)
(36, 36, 0.991964857166035, 0.077635363693656867, 0.024568073049456005)
(37, 49, 0.9922122468908755, 0.091648824115624652, 0.040610247360861232)
(38, 42, 0.98911849884130854, 0.16316291951448411, 0.033422578770937322)
(39, 33, 0.98796125243280886, 0.09024823117215959, 0.054699516286282217)
(40, 12, 0.9854958400716588, 0.070595480644535427, 0.010774474971723839)
(41, 29, 0.9968126420953406, 0.14971521622128678, 0.081431718461288882)
(42, 20, 0.99799697426696132, 0.10644412517107248, 0.12287784261509471)
(43, 28, 0.99427821136045624, 0.072402058342712447, 0.010744711528206708)
(44, 23, 0.99861291820960274, 0.11529851452633132, 0.045384674349513571)
(45, 3, 0.99905225358773775, 0.15629511976593927, 0.19090049435210796)
(46, 49, 0.9888211707153578, 0.11332134592420257, 0.032100425173160585)
(47, 13, 0.95266237967980805, 0.11273038885218482, 0.014863176105960167)
(48, 6, 0.99924417900628393, 0.28327521966495817, 0.28636222369432018)
(49, 44, 0.99079000069072909, 0.1194197401741887, 0.035819825976821332)
(50, 25, 0.99710546171485026, 0.092323425894490177, 0.089343939639009565)
(51, 10, 0.99440090737247588, 0.0711286127105865, 0.025918180069631161)
(52, 33, 0.98680149831414821, 0.11021828230890938, 0.028781884228285346)
(53, 11, 0.99869656971948262, 0.065184076395746526, 0.074875014262347994)
(54, 3, 0.99513745062239278, 0.073213114255137005, 0.028305640196123263)
(55, 46, 0.99418696255239236, 0.27558721175642159, 0.28730514697539267)
(56, 10, 0.99536074110679507, 0.069070943883283956, 0.028434217613197983)
(57, 49, 0.99751261630247756, 0.076212738417186454, 0.089851610856237302)
(58, 7, 0.99422632240437203, 0.079240163847593414, 0.047589397512187187)
(59, 25, 0.99613254983108657, 0.080827917243763592, 0.021501658473488946)
(60, 11, 0.99604567774844333, 0.073701911953556173, 0.03172888523281462)
(61, 46, 0.9920446664770155, 0.062065668034069155, 0.029625502313301317)
(62, 46, 0.99415026621912184, 0.11383670851752954, 0.034589720120671283)
(63, 48, 0.99944260181805133, 0.58134395933908722, 0.39625524433762993)
(64, 49, 0.99765675873734294, 0.085552208738038524, 0.063052833392262447)
(65, 3, 0.99710929823713745, 0.077294565864391471, 0.042047208979935601)
(66, 49, 0.99448706082529748, 0.074764660866828522, 0.015039768308716665)
(67, 21, 0.97767075117027413, 0.12676994185699633, 0.031709058676258152)
(68, 25, 0.99762720785301684, 0.069791661827693433, 0.047736053017027373)
(69, 3, 0.99248619131707638, 0.096168110043734281, 0.037263323062476511)
(70, 6, 0.99342501306183473, 0.10236343511092612, 0.046702910687426824)
(71, 49, 0.99483968028910996, 0.082037626898422172, 0.019023627257064035)
(72, 12, 0.99863774271550021, 0.080573559895945265, 0.07317248305426155)
(73, 47, 0.99931631564436352, 0.35273595621820314, 0.31401699691469315)
(74, 49, 0.98633153926690875, 0.083716749023165851, 0.011885020154511124)
(75, 49, 0.99916408132439416, 0.86475473150561488, 0.47066755279020306)
(76, 11, 0.99800855202012961, 0.61377961126968128, 0.27210803558145763)
(77, 6, 0.99877392971751855, 0.22049364869384022, 0.2684599456832078)
(78, 43, 0.99830215851965676, 0.91476701210037792, 0.50113932941487815)
(79, 4, 0.99770699380509431, 0.10545041746003377, 0.11304195377217058)
(80, 33, 0.99548339347522952, 0.074655493328781894, 0.034292893971011179)
(81, 45, 0.98676215285414959, 0.82385609593266507, 0.23774670285698785)
(82, 33, 0.99285220028292742, 0.063549762640319626, 0.026373587921771149)
(83, 49, 0.9838975820042436, 0.089569249251073638, 0.024593464072275997)
(84, 4, 0.99891939568168198, 0.099599102067328374, 0.1551498922973811)
(85, 17, 0.99864753445104171, 0.13376461195120351, 0.036261910672933856)
(86, 49, 0.99783121636045169, 0.097526063181583036, 0.026362022742378206)
(87, 11, 0.99610930773946382, 0.073267327920968642, 0.039929853806855077)
(88, 33, 0.96703090878935594, 0.076155835132580632, 0.0071458592413712625)
(89, 25, 0.99899096858649916, 0.088081020290173492, 0.11285561124339027)
(90, 6, 0.99859889035719918, 0.11200111962104099, 0.11837706416882127)
(91, 22, 0.99800595667616188, 0.10570859688421967, 0.14001460806349686)
(92, 3, 0.99624517206719831, 0.069980108636381308, 0.053387236809770755)
(93, 39, 0.95430426768624854, 0.20830437325282736, 0.019785164265186166)
(94, 26, 0.99537127139620252, 0.082802951244300746, 0.021251361276510818)
(95, 35, 0.9756765965111579, 0.094059995793617124, 0.020748851609071133)
(96, 0, 0.99770100668263095, 0.54450145890121804, 0.34407541787998791)
(97, 48, 0.99424900701036445, 0.090826156792305143, 0.05287031055369034)
(98, 6, 0.99859360981536127, 0.84896617107744399, 0.5870129513378628)
(99, 44, 0.92287033550891762, 0.14538644636817985, 0.018857257863615279)
(100, 2, 0.99793587715669529, 0.84400239772623775, 0.28293472138453563)
(101, 27, 0.99985064516056854, 0.91650135975332969, 0.42681689700341913)
(102, 36, 0.99794913890643966, 0.11332853378189145, 0.075017550302797567)
(103, 48, 0.99429702887739291, 0.085862604270780532, 0.041509235557199251)
(104, 46, 0.98871675224629163, 0.069286713302495709, 0.024435459022318851)
(105, 3, 0.9944952289256408, 0.17730364505667487, 0.196968324112646)
(106, 7, 0.99499870380407074, 0.15777749945996752, 0.078945917621616221)
(107, 45, 0.99061127639647406, 0.14047698261073005, 0.03756462992638096)
(108, 27, 0.99528302440175387, 0.11751884851347737, 0.044009237880345935)
(109, 48, 0.99789118872178018, 0.078141905341681084, 0.10597812799909509)
(110, 3, 0.99370160893252424, 0.067041164396308431, 0.017951809277915391)
(111, 42, 0.9864940838617402, 0.1757575223003435, 0.040974705107297366)
(112, 10, 0.99587201681509741, 0.14576895365082934, 0.11330038562893413)
(113, 28, 0.97869231253437228, 0.15530206734379706, 0.023523379951935455)
(114, 43, 0.99810154108024884, 0.26268842825315158, 0.25032237988099543)
(115, 49, 0.98332580331815578, 0.10557350036472336, 0.024305176893870288)
(116, 49, 0.99773596415741483, 0.12692091649385631, 0.1461852553262587)
(117, 7, 0.99468326293897502, 0.079039705323111317, 0.026360030077142146)
(118, 24, 0.99275139818247682, 0.069579864943993111, 0.020721513378707611)
(119, 49, 0.9983351289501774, 0.12377469629475564, 0.083585185181185934)
(120, 36, 0.99535748637570876, 0.07786948931253164, 0.02597309487394913)
(121, 25, 0.99791746265067949, 0.090474181497087428, 0.12490569902326214)
(122, 36, 0.99912211642409732, 0.80445301444354556, 0.27157740641733102)
(123, 21, 0.99632791428580403, 0.1095048638709189, 0.053518612853484776)
(124, 6, 0.99512543038346646, 0.10059404209911972, 0.071410096173021992)
(125, 25, 0.99913730041616367, 0.070107441738666121, 0.099979441620793585)
(126, 35, 0.99779254497771319, 0.08209283808574451, 0.072572725006240346)
(127, 36, 0.99527599353482232, 0.097724194672457132, 0.060797489247550546)
(128, 15, 0.99872364389360957, 0.6004728522669317, 0.23919679317277007)
(129, 3, 0.99439881068862801, 0.20728272995803776, 0.2144464343194733)
(130, 4, 0.99919524102522617, 0.091598737925185691, 0.12830786643972866)
(131, 48, 0.99673018485306897, 0.089854775072621851, 0.083911746473937884)
(132, 46, 0.99358023849002985, 0.19180181565758747, 0.13081829107406959)
(133, 44, 0.99191736472490954, 0.13113993103062219, 0.056483430744889471)
(134, 17, 0.99943886036229301, 0.81499715733033906, 0.32492338590176995)
(135, 24, 0.99394428240937704, 0.13606443627678852, 0.077121239095239144)
(136, 12, 0.9950618892243257, 0.061970336451377568, 0.021251242711498711)
(137, 49, 0.99492175858369536, 0.088151644191488146, 0.035067319501734001)
(138, 49, 0.9979895418164989, 0.097441618000480332, 0.11249571426658611)
(139, 12, 0.99824874060872015, 0.073571891836491765, 0.088051603518739585)
(140, 23, 0.9948108438132951, 0.12076630990683433, 0.039472513562969803)
(141, 10, 0.99295710848975638, 0.092608509920653434, 0.067354770970476263)
(142, 48, 0.99674609384408364, 0.10158438783571914, 0.10783695037238337)
(143, 44, 0.97878918266674841, 0.15206470240729428, 0.035547730001888399)
(144, 27, 0.97457855702114693, 0.089184579715524737, 0.021028273245066436)
(145, 7, 0.99547281021118417, 0.10127806512568338, 0.12397252508639449)
(146, 27, 0.99792989636053342, 0.099344620902560576, 0.069551931065879147)
(147, 33, 0.97681380064487422, 0.12223828801953478, 0.020719389130087848)
(148, 11, 0.99730594549570672, 0.15969956209528741, 0.079363718893130208)
(149, 49, 0.99655351234377754, 0.11746326501365613, 0.11614484261359931)
(150, 36, 0.9979101085601273, 0.10880533571166891, 0.07563705981776056)
(151, 48, 0.99657273102796273, 0.26914155470369805, 0.31817498287329432)
(152, 33, 0.98913777962616212, 0.063051316274086208, 0.015358138847376709)
(153, 3, 0.99380626028957786, 0.063025637687496638, 0.018880467248461801)
(154, 16, 0.99634990558093184, 0.075437752583141782, 0.063837501351510229)
(155, 33, 0.95515392627285034, 0.074726387962136959, 0.0057049463729653702)
(156, 49, 0.99662869597431647, 0.055188780622635103, 0.076509977028109175)
(157, 44, 0.99346714433776073, 0.2635264875741179, 0.12011927640185822)
(158, 22, 0.99724597731201181, 0.066848875052174392, 0.055273361545891936)
(159, 21, 0.99025554034453001, 0.099465399164945831, 0.048953224334927201)
(160, 44, 0.99810638399405938, 0.12221219042613156, 0.080474061049902845)
(161, 41, 0.99858855291410697, 0.11445880093062481, 0.10251179604544408)
(162, 25, 0.99342100353180185, 0.069503738290032535, 0.014875739955811358)
(163, 6, 0.99867945655542778, 0.11262577669998869, 0.16947540708639089)
(164, 45, 0.99077809802455918, 0.30027409445214071, 0.10724387506218258)
(165, 3, 0.99866296089879747, 0.12657861115720659, 0.17736839550885611)
(166, 35, 0.99105157793779264, 0.08069343614531839, 0.031605602237899239)
(167, 48, 0.98224773582337932, 0.08803160792411463, 0.024318807343505073)
(168, 25, 0.98145924717622157, 0.074578772940853036, 0.0072904018468017183)
(169, 28, 0.99540187859678542, 0.079069161522149309, 0.012516399262212811)
(170, 3, 0.99560722036933691, 0.06926151487176839, 0.032187300786146386)
(171, 43, 0.99698907670812653, 0.11747699373689806, 0.24344633151310141)
(172, 3, 0.99070369383373114, 0.062814521353430755, 0.015055742399249204)
(173, 21, 0.99228271077062624, 0.12555993540991131, 0.041081434580628039)
(174, 17, 0.99840043612618223, 0.12415684447381629, 0.10162458979419206)
(175, 7, 0.99802216432124147, 0.074334200335050754, 0.048093748457169239)
(176, 48, 0.99907207695871181, 0.097489935596719521, 0.16416163174479159)
(177, 10, 0.99016995335456415, 0.10689321519919774, 0.03027824608683009)
(178, 39, 0.98597795074196259, 0.16016126225360894, 0.046410550292898076)
(179, 12, 0.99775228248935222, 0.07576832917929395, 0.060640084039623759)
(180, 25, 0.99740759584351446, 0.071031264904774835, 0.053128188926603828)
(181, 17, 0.99777366014853508, 0.13259996356865131, 0.12720282373527167)
(182, 25, 0.99773999168272387, 0.070231587363778533, 0.051439272909848982)
(183, 30, 0.99837806990724753, 0.65698435727859561, 0.29588773295613763)
(184, 49, 0.89683863336939951, 0.1150218478578386, 0.014534358919359083)
(185, 17, 0.99742887763733301, 0.10309463134121132, 0.16478375969993525)
(186, 39, 0.80332253148377175, 0.2960440416810059, 0.011902051888067953)
(187, 12, 0.99751032024619102, 0.072116498969505907, 0.081846517125549745)
(188, 36, 0.99870756045775666, 0.24052814478943543, 0.15177108220486207)
(189, 42, 0.9879655434888438, 0.19809937918506812, 0.042224915888032254)
(190, 21, 0.99686546356093386, 0.091476685156766949, 0.11247930568169313)
(191, 41, 0.97735975068547409, 0.10318825294786804, 0.021145561551859617)
(192, 25, 0.99453218178630398, 0.078120662007091016, 0.020720319819220265)
(193, 0, 0, 0.0, 0.0)
(194, 47, 0.99814492270461563, 0.08538615430880736, 0.11349771746801229)
(195, 6, 0.99941469918840942, 0.6762098760108225, 0.32574971488944626)
(196, 16, 0.99841027473472554, 0.83658627441874389, 0.6267641838230289)
(197, 29, 0.99857506881956681, 0.84981239682878362, 0.30702387036837692)
(198, 49, 0.99797941938354828, 0.063924253871366923, 0.052125535161130263)
(199, 6, 0.99910196837623721, 0.10923992504622022, 0.16950534687163588)
(200, 43, 0.99758975892132451, 0.11031865958949501, 0.10151924980048256)
(201, 15, 0.998434404770001, 0.34221389578666778, 0.16749522518021331)
(202, 48, 0.99540681610464954, 0.07513544857420118, 0.070277004946834379)
(203, 44, 0.99757609306411377, 0.13278487704165429, 0.064199001125017696)
(204, 45, 0.94896942579063903, 0.17376097857611308, 0.013679429198245406)
(205, 33, 0.99767646556124634, 0.146716788977833, 0.080224346692631884)
(206, 28, 0.99811793696103157, 0.08156044102622971, 0.040021839871109903)
(207, 33, 0.99800799274889951, 0.21973201951677016, 0.094940243245838635)
(208, 33, 0.98900374633742494, 0.12894364758330557, 0.025881198918412701)
(209, 36, 0.99567093181928767, 0.094720552176443942, 0.053417173656643953)
(210, 33, 0.99589005241716266, 0.11472313248529038, 0.046154417445478768)
(211, 2, 0.99768835436489445, 0.067804142921137692, 0.062790191493980962)
(212, 23, 0.99720641708324831, 0.086171715427722076, 0.079511295115938657)
(213, 44, 0.9948591013635607, 0.12066512606524772, 0.044253439714047792)
(214, 38, 0.99713518987623717, 0.26117052333466456, 0.19564272965245325)
(215, 21, 0.97843481985066927, 0.19748392999616118, 0.20373737629428046)
(216, 16, 0.99807343697494533, 0.14939418430657264, 0.30103408955950278)
(217, 25, 0.99300160221220091, 0.067885875801032045, 0.021336164019243421)
(218, 26, 0.99916500418912479, 0.20508081778527854, 0.12828644118157598)
(219, 48, 0.99651195310679785, 0.094142195348988933, 0.10234435249178851)
(220, 44, 0.98734680808489528, 0.60960588186962106, 0.31876022218976424)
(221, 39, 0.99278855310413483, 0.32576194889263682, 0.11782201113384175)
(222, 3, 0.99788346808987505, 0.069772416648166177, 0.058571919829160025)
(223, 0, 0, 0.0, 0.0)
(224, 6, 0.99918577452318191, 0.16843118443982849, 0.27703097344613076)
(225, 17, 0.99504243169267459, 0.12725347530203149, 0.078865152192588536)
(226, 22, 0.9987871642325481, 0.84993244915709887, 0.37424731433867464)
(227, 4, 0.99888033593719971, 0.87083328621339151, 0.45625157113779757)
(228, 45, 0.96301409115062309, 0.08057658318799811, 0.0077936966123535222)
(229, 28, 0.99086090783705338, 0.1059768527392167, 0.033446922776993564)
(230, 13, 0.92089506022369538, 0.11161608992498928, 0.01530069910014259)
(231, 21, 0.98974301269251264, 0.095583157622062043, 0.040619402112721761)
(232, 48, 0.99788754333007568, 0.079564141827449975, 0.10916583644599076)
(233, 21, 0.9861252411619037, 0.10867220460225695, 0.027419762143703997)
(234, 3, 0.98739362953740206, 0.087723917712648855, 0.029888757255548532)
(235, 21, 0.9908717612396184, 0.23751161633111054, 0.14826279883411247)
(236, 13, 0.99858995244705873, 0.095518063160930089, 0.14382025633930284)
(237, 46, 0.97283343983675974, 0.082338217536944536, 0.01005662181311371)
(238, 0, 0.9948848789358381, 0.10063048675846897, 0.057319413110103086)
(239, 30, 0.89090222919616502, 0.12058814608937864, 0.014520904484181826)
(240, 14, 0.97638259375222303, 0.088661822484535316, 0.020008185050250048)
(241, 42, 0.98577649084217489, 0.14373161441283946, 0.036516788846924525)
(242, 49, 0.98644851236270359, 0.088335467890215999, 0.026443653958226416)
(243, 49, 0.99816498957460997, 0.081706623238213885, 0.063833421291073555)
(244, 14, 0.97605798082047612, 0.08725696448507618, 0.018746598750453081)
(245, 11, 0.99196847838412494, 0.066553713316413479, 0.015405383487115855)
(246, 3, 0.9573907102671797, 0.10024221669881617, 0.016290783035917512)
(247, 25, 0.98769359133336621, 0.08644756209624431, 0.021194271776185721)
(248, 38, 0.9950061841981992, 0.071604977005297651, 0.027180439424869706)
(249, 49, 0.97350285535096048, 0.089150561255799732, 0.017853923246048359)
(250, 28, 0.97601268972327593, 0.077309872151870671, 0.0057117566353353088)
(251, 36, 0.98982349443767237, 0.07085412107740717, 0.011999788458978708)
(252, 33, 0.99398496132713265, 0.060013826908770017, 0.019908674853662062)
(253, 49, 0.99235609045511397, 0.075114423556552637, 0.013045413329799733)
(254, 35, 0.99582472425904456, 0.091275444100177516, 0.071002115242571259)
(255, 45, 0.96960805473347511, 0.081109099257059489, 0.0099167724969767869)
(256, 33, 0.97656828963534992, 0.071634805561225076, 0.007482270846781513)
(257, 10, 0.9967188629761693, 0.079940095624598792, 0.035782201052015399)
(258, 44, 0.98406592220646394, 0.085049612955117371, 0.012399791793462853)
(259, 17, 0.96721507602162859, 0.093906843431615372, 0.0036494765560896739)
(260, 33, 0.68581501017711965, 0.099881847533595455, 0.00357205559868661)
(261, 12, 0.99224874330785395, 0.12618269142092264, 0.023017396679233474)
(262, 33, 0.99161005187341567, 0.075407946588874383, 0.010976911963743426)
(263, 33, 0.98511789458327415, 0.073068643531772212, 0.0075791322758630535)
(264, 49, 0.9988266442354512, 0.41602223813540312, 0.2505899562380462)
(265, 25, 0.99793987802311279, 0.062392958694195332, 0.086028297172035778)
(266, 36, 0.99363777307731282, 0.080418326119649497, 0.032198083686013054)
(267, 21, 0.99384386503935129, 0.097794865275380435, 0.0369840636751219)
(268, 7, 0.99250211434753521, 0.08237883720281243, 0.034566927969591377)
(269, 33, 0.61406727945469863, 0.098378206464984672, 0.0034037735628168909)
(270, 3, 0.96906432231006845, 0.07240443763518474, 0.0065668957072792357)
(271, 19, 0.99896522201781335, 0.85818692120514595, 0.50115763947642178)
(272, 47, 0.99954555539072965, 0.90834256028388582, 0.5971944397419332)
(273, 48, 0.99932347534581811, 0.34406557584446312, 0.37791853688446819)
(274, 21, 0.98033840849104703, 0.63767632886606473, 0.26310081190139045)
(275, 6, 0.99924722933700749, 0.8992625653349462, 0.53959111350819355)
(276, 36, 0.99912245529086796, 0.19377928798832925, 0.14295068623547369)
(277, 23, 0.99938464335390254, 0.87848693597365635, 0.37674401592310386)
(278, 44, 0.98625639190018344, 0.11389003940970042, 0.023650213147552567)
(279, 4, 0.99885217065878029, 0.095045618170612647, 0.13654823555474777)
(280, 44, 0.98531162803531436, 0.075417151085958534, 0.013834684358001136)
(281, 38, 0.99591248102257768, 0.072798794584117019, 0.037868995199096776)
(282, 17, 0.86513998491113187, 0.089329165554306991, 0.0034661214750844067)
(283, 43, 0.99378646849815089, 0.80718015861201653, 0.37369912820328682)
(284, 43, 0.99890543359788408, 0.54664653678922048, 0.29682936023586698)
(285, 6, 0.99826508386403867, 0.20923151475542801, 0.2827896176686624)
(286, 25, 0.99710496710994045, 0.075663392157737666, 0.035621103144077786)
(287, 33, 0.99964790620127819, 0.081764671014466703, 0.09490805384810154)
(288, 25, 0.99816276435454399, 0.059278054657357145, 0.085131732258362236)
(289, 49, 0.99794074569757285, 0.086216130874365027, 0.08799325185600676)
(290, 35, 0.98560964314226951, 0.092320053995253851, 0.030937450605304211)
(291, 30, 0.98842004505293435, 0.11793049816710165, 0.0075419932411693686)
(292, 10, 0.9928468831010735, 0.060944541093941741, 0.023583584844374995)
(293, 24, 0.96130561088486866, 0.14439160804191334, 0.021028136784766345)
(294, 35, 0.9913402789253396, 0.083567534523418183, 0.039188216799961872)
(295, 12, 0.99275529602918922, 0.065183419976472701, 0.023036370963729912)
(296, 17, 0.9971339984558526, 0.14529423015151136, 0.078752045562827069)
(297, 35, 0.99915362357454263, 0.10828529315075207, 0.12267114199246548)
(298, 42, 0.9769471855122932, 0.31455591706676356, 0.06726721424849641)
(299, 25, 0.99418316429585951, 0.070546021763342653, 0.019582405843536901)
(300, 14, 0.99722033597979953, 0.15979754978726105, 0.12110242286331777)
(301, 27, 0.99482231340727478, 0.10748602949826169, 0.044426496510500818)
(302, 13, 0.99822953499833622, 0.1340978347363565, 0.15114347130858677)
(303, 1, 0.99871103757147184, 0.49138525705922431, 0.28608250307316702)
(304, 35, 0.98743173656496519, 0.1256771646158035, 0.022445011701566462)
(305, 44, 0.99434602982100406, 0.10877322019929932, 0.062990651235542566)
(306, 43, 0.99875804409778624, 0.23373506559836246, 0.28250299463322909)
(307, 35, 0.98462886452895848, 0.082571289036034792, 0.025199722793472157)
(308, 23, 0.99880046992565485, 0.11442961521219065, 0.20963147027437584)
(309, 25, 0.98425897980092425, 0.07831643883099916, 0.009226565698271778)
(310, 46, 0.99605222157739559, 0.88287488228916366, 0.26456720859771399)
(311, 17, 0.99498192667156449, 0.13088926438578236, 0.04721861936855646)
(312, 44, 0.99557831687362797, 0.12385029592563768, 0.054692663505151833)
(313, 48, 0.99572003441425339, 0.093973867091686938, 0.0606817981462031)
(314, 35, 0.99514159264654178, 0.078215123674423404, 0.054204682494122323)
(315, 21, 0.99638871569118004, 0.89792902687714227, 0.46613106064672316)
(316, 21, 0.99186815329230871, 0.19536432149104757, 0.16438198417179251)
(317, 15, 0.99925256097520132, 0.68402927072074926, 0.24505112299295251)
(318, 25, 0.99772207768328469, 0.11142866848851123, 0.094697267331229115)
(319, 3, 0.99916920169300905, 0.80512796651529028, 0.59816823287817056)
(320, 12, 0.99870696426520722, 0.80134616821287086, 0.32809180076341532)
(321, 46, 0.98980340036403869, 0.068048870536345021, 0.032990760425903806)
(322, 4, 0.99964332572948067, 0.85117318929170338, 0.28179710438692424)
(323, 25, 0.99702470897297668, 0.082528666244735469, 0.029705186898711926)
(324, 44, 0.99463726977511469, 0.1181011942576105, 0.054163547060572116)
(325, 44, 0.99765143803726564, 0.10379426835081923, 0.11921472335359068)
(326, 12, 0.99593717745135046, 0.0758417224197558, 0.065656657150827857)
(327, 28, 0.9838337075779916, 0.075820810879331235, 0.0082779944776655359)
(328, 33, 0.99594478153634536, 0.06887876355051098, 0.025156688765940332)
(329, 16, 0.99913150286421526, 0.25887462002862183, 0.36701914165625421)
(330, 23, 0.99801804653365123, 0.092838051170105906, 0.14597242577766453)
(331, 0, 0, 0.0, 0.0)
(332, 12, 0.99711293894454534, 0.072464023134154745, 0.040306918964600764)
(333, 49, 0.99517536488838898, 0.076661176820124341, 0.020563404989573549)
(334, 48, 0.99853618879615735, 0.080756528899223426, 0.1003655237360405)
(335, 44, 0.987676922983733, 0.31286933360401314, 0.13646774557358662)
(336, 35, 0.98553995089936353, 0.13259969397912749, 0.099775353005832013)
(337, 46, 0.95285445279349701, 0.076482616319797303, 0.0074689363820339598)
(338, 21, 0.99520383475789975, 0.091610535052587164, 0.074413074442311836)
(339, 36, 0.99661383117225533, 0.13478730786164167, 0.087404414456409743)
(340, 41, 0.99784527019925662, 0.090910232750421149, 0.083831709722559711)
(341, 48, 0.99789802342924205, 0.098733851816891469, 0.13809342740955108)
(342, 21, 0.99602741182385712, 0.10932977298852554, 0.051044575819616536)
(343, 3, 0.98517968213638607, 0.10905458372524225, 0.037356116545990789)
(344, 49, 0.99302546460790564, 0.083639845794189829, 0.036968036396073933)
(345, 2, 0.9985191889661954, 0.8337187611313851, 0.15241397309272398)
(346, 49, 0.99852684794201718, 0.068421079095383308, 0.061266506330799268)
(347, 25, 0.99607040111851797, 0.071736865683755632, 0.022487282535838333)
(348, 21, 0.98320246906601116, 0.16931426004595504, 0.041621281953543955)
(349, 47, 0.99420661282523348, 0.100564784093208, 0.045017655737482613)
(350, 0, 0, 0.0, 0.0)
(351, 48, 0.9991301688421943, 0.085758738266629553, 0.12606679669961818)
(352, 27, 0.99865375920829524, 0.30545096476949146, 0.24987157628391041)
(353, 27, 0.99940256444138698, 0.89926831038770494, 0.42745738377553916)
(354, 2, 0.99534587987281109, 0.094479566841796259, 0.019211713086604708)
(355, 26, 0.99900785735223097, 0.63456939982033178, 0.1999002242342017)
(356, 44, 0.99470921485842045, 0.16246108694311467, 0.088257268392311572)
(357, 36, 0.99789243974329223, 0.19282788950687998, 0.12944224933695611)
(358, 44, 0.9792253091801344, 0.14718458056384318, 0.055853043523261002)
(359, 6, 0.99879364057293174, 0.19726194398573541, 0.31495185779976659)
(360, 6, 0.99938976434753424, 0.28842217308678769, 0.31398892105352139)
(361, 17, 0.99920397085827484, 0.79828242462882948, 0.3708677315350743)
(362, 19, 0.99933971284887013, 0.12463552808756667, 0.19731739140404911)
(363, 25, 0.9994757526315331, 0.35189203586528084, 0.16470916764481769)
(364, 11, 0.99823923772988032, 0.067197315401682903, 0.056866979565380019)
(365, 25, 0.9965515339704496, 0.69317210938813434, 0.2524355184228344)
(366, 26, 0.99905909235749979, 0.76981837090234784, 0.42764055607029289)
(367, 35, 0.99626139423143756, 0.08709954307888064, 0.067532267263597318)
(368, 25, 0.99881327437873679, 0.79397411907844517, 0.16993057995054625)
(369, 3, 0.99901198929753621, 0.067895230212472318, 0.09898609922013353)
(370, 36, 0.99940432457667694, 0.074162348425993674, 0.17941461710439824)
(371, 15, 0.997452915532274, 0.071962233563574604, 0.054631539987368555)
(372, 48, 0.99952156439082118, 0.16865738507129266, 0.2880633824724993)
(373, 48, 0.99747070375939939, 0.087958083816585445, 0.067429569898327379)
(374, 35, 0.99554984470668517, 0.076301007461141615, 0.053444644519637867)
(375, 49, 0.9995943952498163, 0.74524307463991823, 0.38436079915264643)
(376, 22, 0.9957331763512457, 0.10603672231779271, 0.064062701444159487)
(377, 25, 0.99284611705201675, 0.069876619742434573, 0.016476567773548861)
(378, 43, 0.9919030694752563, 0.11352614310258341, 0.041514429320436447)
(379, 49, 0.99943148908838664, 0.32331558750584416, 0.12941208024994413)
(380, 12, 0.99423646247601349, 0.063313371861952683, 0.015669891987626569)
(381, 44, 0.99619135459859676, 0.083108867614629059, 0.040594725445615772)
(382, 49, 0.97079794762120009, 0.087431957479115488, 0.017608802146899596)
(383, 46, 0.95557058916513626, 0.10711489886470825, 0.019204370253098794)
(384, 30, 0.99790154935419884, 0.10822134478582829, 0.18311704737512263)
