(385, 52, 0.98417448716609768, 0.42321570270816561, 0.34010638670391996)
(386, 52, 0.95455432812181118, 0.23919147993296966, 0.32065987766291104)
(387, 52, 0.95490751646790972, 0.84013336852095044, 0.33988002763604164)
(388, 52, 0.95653057962930976, 0.27115001932538901, 0.43472600290841579)
(389, 52, 0.98426538444375855, 0.43382775528079431, 0.3206578457527241)
(390, 77, 0.87905894398899853, 0.36048663123242702, 0.3744985302460978)
(391, 52, 0.95463922185971328, 0.59930720548683392, 0.35014079937951131)
(392, 59, 0.99806473290444919, 0.4333647057973733, 0.32065784546964116)
(393, 52, 0.95913599530386384, 0.57630690203447721, 0.32065796994343304)
(394, 52, 0.95891066820614501, 0.46235441361308655, 0.36428371384148833)
(395, 59, 0.99464651574539353, 0.16150256208103594, 0.32800001169674631)
(396, 52, 0.96257361637301886, 0.39362441735796966, 0.36260896573890972)
(397, 52, 0.96245179056333763, 0.33209572419339145, 0.32696129405867613)
(398, 0, 0, 0, 0.0)
(399, 52, 0.9555057865034513, 0.80472379296922913, 0.32129876643498295)
(400, 0, 0, 0, 0.0)
(401, 52, 0.95413385189020317, 0.71732887161650583, 0.42067860673696045)
(402, 52, 0.99344590475397332, 0.30634468664019759, 0.37449633141565647)
(403, 0, 0, 0, 0.0)
(404, 59, 0.99865309094436561, 0.3479509671744016, 0.32065784546964116)
(405, 52, 0.95567729814143398, 0.28922662935651949, 0.44476492766185671)
(406, 54, 0.82706534621242889, 0.40942193125190895, 0.32080891781254528)
(407, 52, 0.95441097999632407, 0.59286250566411403, 0.36132281858521964)
(408, 52, 0.95406497773423304, 0.84232726529456114, 0.31760947911179582)
(409, 52, 0.958632004136445, 0.55183436995351887, 0.31626629986768279)
(410, 52, 0.95691894092777052, 0.33928676273301489, 0.3206581122042324)
(411, 52, 0.96124459737604073, 0.3751571187417333, 0.40109079943966025)
(412, 68, 0.19307091843310142, 0.15950186055975957, 0.32065842475877088)
(413, 52, 0.97474992660152326, 0.42214288342200829, 0.32065784546964116)
(414, 52, 0.99860854083037642, 0.34067860800742311, 0.32065784546964116)
(415, 52, 0.95600876754787867, 0.53628710686566605, 0.43401303556019932)
(416, 54, 0.90470834012541113, 0.25201033360265929, 0.32065784546964116)
(417, 77, 0.90361960840410627, 0.34621746312977236, 0.33850317107711919)
(418, 0, 0, 0, 0.0)
(419, 52, 0.95369949310104918, 0.8099416976503887, 0.3262279210629882)
(420, 52, 0.95355526948860436, 0.33693171930603416, 0.32065784615725818)
(421, 52, 0.99661080577754413, 0.43334318595814936, 0.32065784546964116)
(422, 52, 0.96237140429558232, 0.25187797584638805, 0.32069900540350887)
(423, 52, 0.95515984636181384, 0.79965226597099992, 0.32624101010053386)
(424, 52, 0.96024734007646595, 0.2280088123535414, 0.32133089611649368)
(425, 52, 0.95469870497870224, 0.85350254361568945, 0.17112779199151296)
(426, 77, 0.84281946225095905, 0.43670112855696114, 0.32065784546964116)
(427, 52, 0.96462430227156404, 0.31088773387222907, 0.33205934412794691)
(428, 52, 0.99977506151789219, 0.25025129092964299, 0.32065784546964682)
(429, 52, 0.98624906121184164, 0.43670112848634024, 0.32065855356120321)
(430, 52, 0.95473468573560705, 0.41578183899289684, 0.35020630365217481)
(431, 77, 0.90376360831711866, 0.41571248342021683, 0.32065784546964116)
(432, 0, 0, 0, 0.0)
(433, 52, 0.98571055255730433, 0.34796776243205768, 0.32065784546964116)
(434, 52, 0.95394259617525012, 0.84234098310501138, 0.3563465344936827)
(435, 52, 0.95427890605005217, 0.85401880800092156, 0.41601404110388029)
(436, 52, 0.97330194227648559, 0.43661800074898965, 0.41396518575867586)
(437, 0, 0, 0, 0.0)
(438, 52, 0.95723370976691469, 0.26426140584832103, 0.32129614666738854)
(439, 52, 0.9723946397387615, 0.39162395640822806, 0.32065784548657317)
(440, 52, 0.96470025563268735, 0.40780607553426812, 0.32065966488174236)
(441, 77, 0.85906599008510498, 0.42646406147752119, 0.4139051232058002)
(442, 77, 0.80271877648163681, 0.38827372226852325, 0.32576124961554509)
(443, 0, 0, 0, 0.0)
(444, 52, 0.96463721337837027, 0.35847986513837399, 0.32146050161105361)
(445, 52, 0.95540064373453015, 0.84231454661712324, 0.11405789852852524)
(446, 52, 0.95385610829327871, 0.84235608498810055, 0.40291619187909017)
(447, 59, 0.98868846929866638, 0.29186655387088406, 0.33787962747154687)
(448, 52, 0.95630392464859637, 0.26314276228166511, 0.43126612864449421)
(449, 52, 0.95389567138541631, 0.54541766043241457, 0.35105587187140791)
(450, 52, 0.95457582307599909, 0.60929751394508669, 0.27221457802528071)
(451, 0, 0, 0, 0.0)
(452, 0, 0, 0, 0.0)
(453, 52, 0.9664694577313101, 0.24380942017570253, 0.43176445770141147)
(454, 0, 0, 0, 0.0)
(455, 0, 0, 0, 0.0)
(456, 70, 0.99995957125146806, 0.15779099093969795, 0.36289289199559449)
(457, 70, 0.99899291186567329, 0.15901365633586792, 0.35527733144726553)
(458, 70, 0.99924096876091062, 0.17717112083815359, 0.36321081209704986)
(459, 85, 0.9999772515506018, 0.16028265433135142, 0.33333333333333331)
(460, 70, 0.99999855507291746, 0.15495773314813582, 0.33333333333333331)
(461, 0, 0, 0, 0.0)
(462, 70, 0.9999907384631318, 0.1609717936232242, 0.35587210013781334)
(463, 71, 0.99998251294357277, 0.4330469674464405, 0.33333333333333331)
(464, 85, 0.99999824922636127, 0.34525875581064019, 0.33333333333333331)
(465, 78, 0.99999672414755647, 0.16518276771583087, 0.33333333333333331)
(466, 78, 0.99999007629900605, 0.32860740660102833, 0.33333333333333331)
(467, 85, 0.99997116219592264, 0.81142990261461012, 0.33333333333333331)
(468, 78, 0.99999876209800498, 0.16246476288261222, 0.34513285263881421)
(469, 70, 0.99982377062810335, 0.15849063419914139, 0.36228882819964209)
(470, 78, 0.99999445577252266, 0.81313039444562218, 0.33333333333333331)
(471, 85, 0.99999706068897776, 0.72333624695990328, 0.33333333333333331)
(472, 70, 0.99997211357875382, 0.77365216772523482, 0.33333333333333331)
(473, 70, 0.99997745823014905, 0.21433411804537508, 0.33333333333333331)
(474, 70, 0.99996559576467647, 0.48071827159457742, 0.33333333333333331)
(475, 85, 0.99998312932971667, 0.72174587035524818, 0.33333333333333331)
(476, 71, 0.99999749142436523, 0.76328946838814782, 0.33333333333333331)
(477, 71, 0.99998263758377759, 0.16259624879559098, 0.35974396366923667)
(478, 70, 0.99998359543007032, 0.47652057396206354, 0.33333333333333331)
(479, 0, 0, 0, 0.0)
(480, 70, 0.99970778874294508, 0.16478957170441436, 0.36185377188558099)
(481, 71, 0.99999356251142046, 0.76336627196976836, 0.33333333333333331)
(482, 85, 0.99997363099802661, 0.38043000438884528, 0.33333333333333331)
(483, 85, 0.99999508082620359, 0.15722784264000028, 0.36262379736182648)
(484, 85, 0.99998019012183359, 0.19416336151569802, 0.33333333333333331)
(485, 78, 0.99997277169837717, 0.1569606030635057, 0.35357595284636179)
(486, 0, 0, 0, 0.0)
(487, 70, 0.99987415112983968, 0.16420153679484462, 0.36027490880008095)
(488, 0, 0, 0, 0.0)
(489, 0, 0, 0, 0.0)
(490, 85, 0.99998172617914804, 0.16453802844740287, 0.36955671913688198)
(491, 71, 0.99999062363452029, 0.69037690381330596, 0.33333333333333331)
(492, 85, 0.99999796256956619, 0.80775781603151675, 0.33333333333333331)
(493, 85, 0.99998831937132093, 0.31773431298467741, 0.33333333333333331)
(494, 76, 0.99998094712453267, 0.16275167675913899, 0.36766057452395001)
(495, 85, 0.99997720537106038, 0.26045773664939575, 0.33333333333333331)
(496, 71, 0.99997786182707604, 0.16415121921751799, 0.33333333333333331)
(497, 78, 0.9999791688755405, 0.809395919929916, 0.33333333333333331)
(498, 81, 0.99999813270649818, 0.79642161989713423, 0.33333333333333331)
(499, 70, 0.99998281555069068, 0.83371762160521479, 0.33333333333333331)
(500, 85, 0.99999663251540072, 0.18323384621419647, 0.33333333333333331)
(501, 85, 0.99996891659186193, 0.16372791118364333, 0.36735725359391264)
(502, 85, 0.99999593122635, 0.82143172513345153, 0.33333333333333331)
(503, 0, 0, 0, 0.0)
(504, 70, 0.99997375296453583, 0.16200586640866524, 0.33333333333333331)
(505, 70, 0.99977905809095668, 0.65182841828986782, 0.33333333333333331)
(506, 70, 0.99997620588766323, 0.16179794344761325, 0.33333333333333331)
(507, 85, 0.99996710859590654, 0.15911551630354251, 0.35504166896148498)
(508, 0, 0, 0, 0.0)
(509, 70, 0.999984894214342, 0.77705717017498521, 0.33333333333333331)
(510, 0, 0, 0, 0.0)
(511, 70, 0.99998282922386339, 0.16158136103394805, 0.35875892623825151)
(512, 78, 0.99999887406400156, 0.14769586999522188, 0.33333333333333331)
(513, 70, 0.99985495690659176, 0.1564496445151688, 0.35223614550394383)
(514, 0, 0, 0, 0.0)
(515, 0, 0, 0, 0.0)
(516, 0, 0, 0, 0.0)
(517, 0, 0, 0, 0.0)
(518, 85, 0.99997173547389329, 0.16062455284843238, 0.35229300255107571)
(519, 85, 0.99999003757536065, 0.49485394479987654, 0.33333333333333331)
(520, 0, 0, 0, 0.0)
(521, 71, 0.99999290061610946, 0.16407169641317243, 0.33913247511412081)
(522, 73, 0.9999971804028468, 0.51113261483542061, 0.33333333333333331)
(523, 78, 0.99999621255371896, 0.4352285973551171, 0.33333333333333331)
(524, 70, 0.99995982476088263, 0.42504209810622234, 0.33333333333333331)
(525, 0, 0, 0, 0.0)
(526, 85, 0.99996030352931708, 0.41010483558376748, 0.33333333333333331)
(527, 70, 0.99984703467318414, 0.16302503123004952, 0.33333333333333331)
(528, 0, 0, 0, 0.0)
(529, 78, 0.99998997585994731, 0.80763251268622904, 0.33333333333333331)
(530, 0, 0, 0, 0.0)
(531, 78, 0.9999880462983527, 0.80761399587543614, 0.33333333333333331)
(532, 81, 0.99999217578635624, 0.58889182171095555, 0.33333333333333331)
(533, 85, 0.99999655094202533, 0.21304196906669512, 0.33333333333333331)
(534, 70, 0.99991029217328353, 0.16268760677074309, 0.36930657453289217)
(535, 76, 0.99999456520898888, 0.19821430915742522, 0.33333333333333331)
(536, 0, 0, 0, 0.0)
(537, 0, 0, 0, 0.0)
(538, 85, 0.99996681111271013, 0.20017481592850248, 0.33333333333333331)
(539, 70, 0.99950679337588433, 0.18000990185104326, 0.33676165583052686)
(540, 78, 0.99999007040118204, 0.22497506514077906, 0.33333333333333331)
(541, 76, 0.99999128863611186, 0.14755471005017312, 0.33333333333333331)
(542, 70, 0.99999748591443505, 0.16290018076047641, 0.36243032793382646)
(543, 76, 0.99999508472794552, 0.47570374720281849, 0.33333333333333331)
(544, 76, 0.99997118176957656, 0.16160681685818243, 0.33333333333333331)
(545, 71, 0.99999699475980908, 0.40378360221918891, 0.33333333333333331)
(546, 78, 0.99999158568473423, 0.65393929306863496, 0.33333333333333331)
(547, 85, 0.99997577407290772, 0.16958962105941477, 0.33934181071874669)
(548, 71, 0.99999887692917089, 0.58123860281056083, 0.33333333333333331)
(549, 81, 0.99999761662810438, 0.80760927330130938, 0.33333333333333331)
(550, 70, 0.99998016572091331, 0.15923446081209733, 0.36717471922261941)
(551, 70, 0.99995041554657094, 0.16312256397418498, 0.34814425955346412)
(552, 85, 0.99983732415386883, 0.57514630107236642, 0.33333333333333331)
(553, 0, 0, 0, 0.0)
(554, 0, 0, 0, 0.0)
(555, 0, 0, 0, 0.0)
(556, 0, 0, 0, 0.0)
(557, 76, 0.99998874097139279, 0.16638890391735722, 0.33333333333333331)
(558, 0, 0, 0, 0.0)
(559, 0, 0, 0, 0.0)
(560, 0, 0, 0, 0.0)
(561, 0, 0, 0, 0.0)
(562, 0, 0, 0, 0.0)
(563, 70, 0.9999762669213178, 0.74542258729128275, 0.33333333333333331)
(564, 85, 0.99998084869173631, 0.74016988566791575, 0.33333333333333331)
(565, 85, 0.9999963339663499, 0.46545262792072778, 0.33333333333333331)
(566, 0, 0, 0, 0.0)
(567, 0, 0, 0, 0.0)
(568, 70, 0.99998735220693824, 0.50502557087740307, 0.33333333333333331)
(569, 78, 0.99999042890215484, 0.158792256009891, 0.35228001297542233)
(570, 85, 0.99957783340397599, 0.16819003696114795, 0.36893262939694083)
(571, 85, 0.99999453664239213, 0.80542284347755577, 0.33333333333333331)
(572, 70, 0.99995957125146806, 0.15779099093969795, 0.36289289199559449)
(573, 0, 0, 0, 0.0)
(574, 76, 0.99999735838540249, 0.15722308080062566, 0.33333333333333331)
(575, 70, 0.99995922035528362, 0.15231921671384807, 0.36714159314193079)
(576, 70, 0.99997902146975404, 0.15537277198548702, 0.33333333333333331)
(577, 85, 0.99999986200146296, 0.81851000999138657, 0.33333333333333331)
(578, 0, 0, 0, 0.0)
(579, 81, 0.99999826611494069, 0.31868926817122128, 0.33333333333333331)
(580, 85, 0.99988705768765496, 0.76326574004283831, 0.33333333333333331)
(581, 70, 0.9993519634334187, 0.16369361538989197, 0.36486034096688741)
(582, 73, 0.99999880062698865, 0.41533386539923528, 0.33333333333333331)
(583, 85, 0.99999376426416631, 0.81074842403628022, 0.33333333333333331)
(584, 76, 0.99999956962399894, 0.16844207429452362, 0.33333333333333331)
(585, 70, 0.99980615392476513, 0.38897287819283372, 0.33333333333333331)
(586, 0, 0, 0, 0.0)
(587, 78, 0.99998123608650225, 0.22627170062003396, 0.33333333333333331)
(588, 73, 0.9999996111149515, 0.79613986169320794, 0.33333333333333331)
(589, 76, 0.99996384416303652, 0.15829125955465914, 0.36258757477499892)
(590, 0, 0, 0, 0.0)
(591, 85, 0.99999660616024255, 0.80835453665050883, 0.33333333333333331)
(592, 0, 0, 0, 0.0)
(593, 71, 0.9999803870460886, 0.16513890882942947, 0.36213995644149971)
(594, 81, 0.9999975040804413, 0.6609973473509293, 0.33333333333333331)
(595, 0, 0, 0, 0.0)
(596, 0, 0, 0, 0.0)
(597, 78, 0.99999266356800198, 0.15912426766007143, 0.36722921855065455)
(598, 85, 0.99979615600869387, 0.17342304095887959, 0.34780676589858855)
(599, 0, 0, 0, 0.0)
(600, 70, 0.99995882474966891, 0.15720442678980628, 0.35220791690362563)
(601, 76, 0.99998185501883852, 0.16574042503049924, 0.33333333333333331)
(602, 71, 0.99999074514338748, 0.77528227899648405, 0.33333333333333331)
(603, 71, 0.99999880619811032, 0.14793572371428479, 0.33333333333333331)
(604, 70, 0.99998362232160554, 0.72984312626971126, 0.33333333333333331)
(605, 0, 0, 0, 0.0)
(606, 78, 0.99999840335189483, 0.81951518793573408, 0.33333333333333331)
(607, 85, 0.99998503266655892, 0.16482705046542862, 0.3598204042049068)
(608, 0, 0, 0, 0.0)
(609, 0, 0, 0, 0.0)
(610, 0, 0, 0, 0.0)
(611, 85, 0.9999865942907159, 0.80524397599781461, 0.33333333333333331)
(612, 70, 0.99973575200183329, 0.15149623695830186, 0.37033392575518043)
(613, 70, 0.9999914848680167, 0.15443321529288601, 0.35428437938859059)
(614, 85, 0.99998788397117866, 0.16483318317463844, 0.36572384151873166)
(615, 70, 0.99834169219002677, 0.16572011010161167, 0.35757110124701158)
(616, 70, 0.99968977501518486, 0.17002244842934547, 0.33333333333333331)
(617, 70, 0.99984143014714233, 0.16428523740316892, 0.36057706565946451)
(618, 85, 0.99999466598794018, 0.79637093178326845, 0.33333333333333331)
(619, 76, 0.99996384416303663, 0.15393273590274345, 0.36573674665099298)
(620, 0, 0, 0, 0.0)
(621, 70, 0.99999501745227348, 0.63443012488240036, 0.33333333333333331)
(622, 0, 0, 0, 0.0)
(623, 85, 0.99998413745009684, 0.16851955855024239, 0.33333333333333331)
(624, 70, 0.99999307203562393, 0.46203202421488676, 0.33333333333333331)
(625, 73, 0.99999817839016991, 0.40603126672341289, 0.33333333333333331)
(626, 81, 0.99993050161884789, 0.17201397896155848, 0.33333333333333331)
(627, 76, 0.99997852004971532, 0.1554580980778533, 0.3540458301603453)
(628, 70, 0.99996128393804851, 0.81362966712270668, 0.33333333333333331)
(629, 0, 0, 0, 0.0)
(630, 85, 0.99997956368017327, 0.27781108714616481, 0.33333333333333331)
(631, 70, 0.99997234749437769, 0.16513838839661618, 0.33333333333333331)
(632, 70, 0.99998412486103694, 0.17157095821500201, 0.33333333333333331)
(633, 76, 0.99999850341115704, 0.17474789549121861, 0.33333333333333331)
(634, 0, 0, 0, 0.0)
(635, 70, 0.99999811780454417, 0.20792083363857219, 0.33333333333333331)
(636, 70, 0.99986772960147474, 0.16608367585485265, 0.35382985385714694)
(637, 70, 0.99999619189764899, 0.16242830348467321, 0.37004065242109085)
(638, 70, 0.99805518797429327, 0.16543277108319951, 0.37021957866184252)
(639, 70, 0.99992746417237643, 0.16640133489524886, 0.34153264073352257)
(640, 70, 0.99999002413382387, 0.15396427260919474, 0.36023747932410494)
(641, 70, 0.99957209370376099, 0.16380798909165983, 0.36972710778345164)
(642, 78, 0.9999683008231548, 0.16358955939878519, 0.36965020555196698)
(643, 85, 0.99998394935754054, 0.42450637806801755, 0.33333333333333331)
(644, 70, 0.99996838462647419, 0.42010603793344831, 0.33333333333333331)
(645, 0, 0, 0, 0.0)
(646, 70, 0.99999106286067496, 0.16210820316950628, 0.35097002989020876)
(647, 76, 0.99997658115274934, 0.16346135648301049, 0.36621177131922866)
(648, 70, 0.9990088195995992, 0.25280010714929191, 0.33333333333333331)
(649, 76, 0.99997852004971532, 0.15927099642120868, 0.36201396280869808)
(650, 70, 0.9984496210356939, 0.16165286754003536, 0.36048872535847365)
(651, 70, 0.99819589696751998, 0.15515083304821661, 0.36448050819164235)
(652, 70, 0.99961472123103612, 0.16358711526538855, 0.36505572471590436)
(653, 85, 0.99997173547389329, 0.15771145163967279, 0.3632056376467474)
(654, 0, 0, 0, 0.0)
(655, 71, 0.99999911470529712, 0.58128150339245099, 0.33333333333333331)
(656, 0, 0, 0, 0.0)
(657, 85, 0.9999784145633196, 0.16402517770602865, 0.35992020943626724)
(658, 0, 0, 0, 0.0)
(659, 0, 0, 0, 0.0)
(660, 0, 0, 0, 0.0)
(661, 70, 0.99858665452849327, 0.16438294539134277, 0.36308917496213855)
(662, 0, 0, 0, 0.0)
(663, 70, 0.99982389867945454, 0.19556083793905846, 0.33333333333333331)
(664, 70, 0.99990136315057554, 0.16735007786991796, 0.33333333333333331)
(665, 70, 0.99703408644794755, 0.15921854060683224, 0.3618888849190981)
(666, 71, 0.99998038704608883, 0.16486405441709467, 0.36373784871787174)
(667, 0, 0, 0, 0.0)
(668, 0, 0, 0, 0.0)
(669, 70, 0.99987851124533733, 0.21818921027833738, 0.33333333333333331)
(670, 0, 0, 0, 0.0)
(671, 0, 0, 0, 0.0)
(672, 70, 0.99838721918687967, 0.1664970663501579, 0.36560718355646721)
(673, 0, 0, 0, 0.0)
(674, 85, 0.99999360134792159, 0.17089156613645373, 0.33333333333333331)
(675, 70, 0.99999739766724871, 0.45514571753468064, 0.33333333333333331)
(676, 0, 0, 0, 0.0)
(677, 85, 0.99997660215098094, 0.16259402025404762, 0.36054457513307803)
(678, 68, 0.31870696556063716, 0.54929388622042685, 0.33705555765306044)
(679, 76, 0.99997033233678601, 0.16215408162828029, 0.35944174417725183)
(680, 85, 0.9996682692170894, 0.1754202453165917, 0.35462542814616071)
(681, 70, 0.99997336713215046, 0.45848002893312217, 0.33333333333333331)
(682, 70, 0.99998940656099633, 0.16337375512782865, 0.36852600577073791)
(683, 0, 0, 0, 0.0)
(684, 0, 0, 0, 0.0)
(685, 70, 0.99993598431989239, 0.17663604691515936, 0.33333333333333331)
(686, 78, 0.99998967066001565, 0.1631083106702699, 0.37005545475342028)
(687, 76, 0.99998112152728957, 0.20546504910046637, 0.33333333333333331)
(688, 76, 0.99999698353412736, 0.39905394993958937, 0.33333333333333331)
(689, 70, 0.99974874685871729, 0.16593473874017686, 0.36761419502288584)
(690, 70, 0.99827949253855075, 0.15112013273924507, 0.3682079878464154)
(691, 70, 0.99998686606914322, 0.16557248743717254, 0.33333333333333331)
(692, 76, 0.99999653657430443, 0.16255114689589745, 0.3681991504626077)
(693, 70, 0.99840213033087066, 0.16463157102323095, 0.36216377458361326)
(694, 70, 0.99998043047168339, 0.80638566678818446, 0.33333333333333331)
(695, 73, 0.99997531959562391, 0.16402260635555518, 0.36660673460645354)
(696, 78, 0.99999453077409184, 0.83133718364524756, 0.33333333333333331)
(697, 70, 0.999984803410368, 0.16384909887192384, 0.33333333333333331)
(698, 85, 0.99998397195261424, 0.16426849024664333, 0.34666806457729105)
(699, 81, 0.99979952621202561, 0.1589274509110912, 0.35222482744661954)
(700, 70, 0.99798989068264932, 0.15095823795741725, 0.37002430981147771)
(701, 70, 0.98789525159543001, 0.16543626391142, 0.37022746756789549)
(702, 70, 0.99984402598078592, 0.1669664321121889, 0.36503476100853999)
(703, 70, 0.99999703879216106, 0.15886647992433503, 0.33333333333333331)
(704, 70, 0.99998295272513393, 0.51616763564427093, 0.33333333333333331)
(705, 85, 0.99999267150149651, 0.16950986878118848, 0.33333333333333331)
(706, 70, 0.99962729654742788, 0.15897141157446726, 0.3622992959821919)
(707, 71, 0.9999826375837777, 0.16449008464066622, 0.36502417827159495)
(708, 76, 0.99999737495116525, 0.8262326770225451, 0.33333333333333331)
(709, 0, 0, 0, 0.0)
(710, 70, 0.63177874134824386, 0.17270403175213822, 0.36976674875333088)
(711, 70, 0.99980447008552309, 0.4342511818557302, 0.33333333333333331)
(712, 70, 0.99999965312052619, 0.15757281140593313, 0.36624024465328042)
(713, 70, 0.99998619008533918, 0.16781541849863771, 0.33333333333333331)
(714, 76, 0.99999367880295842, 0.16442741172675329, 0.33646969028179441)
(715, 85, 0.99986560540988167, 0.16022988496279092, 0.36171414873423846)
(716, 70, 0.99679216562655237, 0.16033362841772861, 0.3612641250194446)
(717, 70, 0.97310787976051794, 0.15181559731577357, 0.36865458172520538)
(718, 70, 0.99922567739495327, 0.16299460041978811, 0.37037037322575511)
(719, 70, 0.99919836818903141, 0.17225777439717174, 0.36597740632882536)
(720, 78, 0.99999233758300909, 0.77450262523585189, 0.33333333333333331)
(721, 70, 0.9999592203552834, 0.16011136309902127, 0.36143330789687717)
(722, 0, 0, 0, 0.0)
(723, 70, 0.99984488311962338, 0.16659188425236646, 0.36524062133753943)
(724, 0, 0, 0, 0.0)
(725, 70, 0.99988245187401092, 0.64255436024521451, 0.31566400435697933)
(726, 0, 0, 0, 0.0)
(727, 70, 0.9984658529175755, 0.32462331961249496, 0.21004847009291422)
(728, 70, 0.99985928608460428, 0.64608993787109104, 0.31364894984463215)
(729, 70, 0.99162731319007269, 0.32469797296205927, 0.20888130374855948)
(730, 85, 0.9999784145633196, 0.33378453733108621, 0.19691260961280099)
(731, 70, 0.99927439655252137, 0.68863467609597662, 0.27284604306410021)
(732, 70, 0.99885085217443181, 0.60820438717090519, 0.28436327553112822)
(733, 0, 0, 0, 0.0)
(734, 70, 0.76743641655658168, 0.33637611318722965, 0.22161536035730334)
(735, 0, 0, 0, 0.0)
(736, 70, 0.99927183428923838, 0.63120364277271868, 0.32154832540660688)
(737, 70, 0.99981836811741842, 0.38414433636131279, 0.21350750678999494)
(738, 70, 0.9973435620000265, 0.32017424254565169, 0.20275304563427404)
(739, 70, 0.9996425171402642, 0.66721675168806582, 0.3325220752613306)
(740, 70, 0.99705193648185386, 0.65215936169288768, 0.29934142666906927)
(741, 0, 0, 0, 0.0)
(742, 0, 0, 0, 0.0)
(743, 0, 0, 0, 0.0)
(744, 70, 0.99858665452849338, 0.31795528901519732, 0.20113532070681361)
(745, 0, 0, 0, 0.0)
(746, 70, 0.99998721261262147, 0.64985031222104539, 0.36329141077389149)
(747, 0, 0, 0, 0.0)
(748, 70, 0.99817113199469343, 0.68093284695907652, 0.28826315482762943)
(749, 70, 0.99414321050047105, 0.46200254577252836, 0.27720037639792794)
(750, 70, 0.99911472915367894, 0.65942900400224491, 0.37161339970902701)
(751, 70, 0.99767665537649042, 0.40260784767911328, 0.22203300484908225)
(752, 0, 0, 0, 0.0)
(753, 0, 0, 0, 0.0)
(754, 0, 0, 0, 0.0)
(755, 70, 0.99654168997489168, 0.31311239234190341, 0.19489001131007461)
(756, 70, 0.97310787976051805, 0.32833120140459804, 0.21312571874069544)
(757, 0, 0, 0, 0.0)
(758, 70, 0.99993777427684505, 0.61098073828484034, 0.33576738850186005)
(759, 70, 0.99983176492867609, 0.40810509298965653, 0.27461558950536402)
(760, 70, 0.99912143094251804, 0.45306398809384385, 0.296689816944951)
(761, 70, 0.99686290385735621, 0.46319017766411025, 0.31342170941462522)
(762, 76, 0.99997852004971566, 0.31499464735308824, 0.19704077229874659)
(763, 70, 0.99884212003906647, 0.66326708798881429, 0.28251335304839448)
(764, 70, 0.99887024659009882, 0.65712089380952543, 0.34870964194277104)
(765, 0, 0, 0, 0.0)
(766, 70, 0.99973575200183329, 0.67144831628763624, 0.27820135377343191)
(767, 70, 0.99935196343341859, 0.31509617565658238, 0.19745725034449124)
(768, 85, 0.99975936482827643, 0.31418994114330762, 0.19521955419078654)
(769, 0, 0, 0, 0.0)
(770, 70, 0.99414321050047105, 0.32245507595519346, 0.20592360548033187)
(771, 70, 0.99555314739246636, 0.41549634685528097, 0.22899687515291678)
(772, 70, 0.99894590443786724, 0.35705478439850019, 0.20125535618783547)
(773, 70, 0.99990803964744379, 0.60369231816178515, 0.34535530494919331)
(774, 0, 0, 0, 0.0)
(775, 70, 0.99986864908511441, 0.64597860268882135, 0.35208868058551068)
(776, 70, 0.99922324691975284, 0.37142130795807821, 0.20691710311121822)
(777, 70, 0.99839697944892303, 0.32030973768649584, 0.20367404899570526)
(778, 70, 0.99130334270379594, 0.52866640145538057, 0.34835510424091964)
(779, 70, 0.99998270148426383, 0.40900958759690065, 0.25474840829301493)
(780, 70, 0.99920574798611772, 0.42195109174187589, 0.26655582568721492)
(781, 70, 0.99999171046048818, 0.40597527557651342, 0.25945923051202091)
(782, 0, 0, 0, 0.0)
(783, 70, 0.99672292621082137, 0.32448776204910051, 0.21048890719980609)
(784, 70, 0.99880318726713935, 0.35137857374411746, 0.1993162378677063)
(785, 70, 0.99967984553854961, 0.3279465389730789, 0.19418285525114234)
(786, 70, 0.99836261167333507, 0.4312917225849382, 0.26450921755687112)
(787, 70, 0.99884543398749226, 0.32258107429350075, 0.20795641028925549)
(788, 0, 0, 0, 0.0)
(789, 70, 0.99587942152085118, 0.31804256819352705, 0.19986049695743449)
(790, 70, 0.99870248669122319, 0.66503887932822392, 0.30670401396156599)
(791, 0, 0, 0, 0.0)
(792, 70, 0.99944665817893363, 0.67647879498444163, 0.33584238873391148)
(793, 70, 0.99909753084849229, 0.32385161093520737, 0.19414327165013967)
(794, 70, 0.98789525159543012, 0.3243664895033132, 0.20873596781353582)
(795, 70, 0.9999592203552834, 0.62282162656057871, 0.35473130026838873)
(796, 70, 0.99858665452849349, 0.32071916773168274, 0.20481557081363408)
(797, 76, 0.99995910767643525, 0.32579491231991037, 0.21032782723082183)
(798, 81, 0.99964800400053444, 0.3230241205558001, 0.20418829666665234)
(799, 70, 0.99986745418165313, 0.32163524592722642, 0.20527453655498951)
(800, 70, 0.9995783557252319, 0.31594385777448009, 0.19687440877774307)
(801, 70, 0.99848158556481748, 0.32418804587669342, 0.20913847918922587)
(802, 68, 0.58776019967655646, 0.49887068693861392, 0.39727993224718744)
(803, 68, 0.55237197500091995, 0.49786990636365647, 0.36643212572961203)
(804, 70, 0.99934066748748163, 0.52131436385314034, 0.39217576102461321)
(805, 70, 0.99906238603732256, 0.4540422056253326, 0.29740704729599698)
(806, 70, 0.9998044700855232, 0.41021858260647542, 0.28450104124770653)
(807, 70, 0.99995681624778643, 0.32281815545739495, 0.19475692766084696)
(808, 78, 0.99996613253954625, 0.32417586648392321, 0.20715670143557416)
(809, 0, 0, 0, 0.0)
(810, 70, 0.99946970485414088, 0.42032819404266125, 0.24780948294331162)
(811, 70, 0.99933184336295089, 0.42599748531564324, 0.2926913646416186)
(812, 70, 0.99633363388719776, 0.32384084825589676, 0.20952317630015901)
(813, 70, 0.99844176386081174, 0.33689712129924843, 0.19613513575008565)
(814, 70, 0.99905742573626732, 0.67174285845948101, 0.30189583771558059)
(815, 0, 0, 0, 0.0)
(816, 70, 0.99840204042873093, 0.3166257974088717, 0.1979308455954088)
(817, 0, 0, 0, 0.0)
(818, 70, 0.99988827205889208, 0.41315878853023191, 0.25689994304382913)
(819, 70, 0.99996327724311462, 0.6698318542706746, 0.34281350339395777)
(820, 0, 0, 0, 0.0)
(821, 0, 0, 0, 0.0)
(822, 70, 0.99381530854164823, 0.32231456436311562, 0.20383689747934172)
(823, 70, 0.9991512401301117, 0.42302137089172853, 0.26417563613153999)
(824, 70, 0.99598127111503865, 0.41899687757224946, 0.23137314763406103)
(825, 70, 0.99414321050047105, 0.47332678918635834, 0.31028739034900332)
(826, 70, 0.99998379877821564, 0.40687267785930475, 0.26365616064117992)
(827, 70, 0.99976473778340669, 0.39948680222098171, 0.22264741710751224)
(828, 70, 0.99954399923243642, 0.3965966431351744, 0.22005515004284681)
(829, 70, 0.97890588598866313, 0.31511153393275504, 0.1977630237329033)
(830, 70, 0.99973575200183351, 0.31312964316339292, 0.19420195644160587)
(831, 70, 0.99796564990392267, 0.3163278121009469, 0.19917438651942312)
(832, 70, 0.99952432041345662, 0.3187957981017403, 0.1988040732517139)
(833, 70, 0.99987222550086641, 0.65839954563046765, 0.30743241730521126)
(834, 70, 0.99877425672707176, 0.68215277902309268, 0.28409807547064159)
(835, 70, 0.99983678920105368, 0.61847443149490799, 0.3302473397061918)
(836, 0, 0, 0, 0.0)
(837, 0, 0, 0, 0.0)
(838, 70, 0.99871579253580467, 0.32446366826267731, 0.2102958337707293)
(839, 85, 0.99995797115018858, 0.62239837032879142, 0.33398204724299735)
(840, 70, 0.99811749574257513, 0.46631274571713283, 0.30789482913800004)
(841, 70, 0.99955697950111255, 0.41677165715724596, 0.26551806700425701)
(842, 70, 0.99885321760869827, 0.45320988216659108, 0.30083043329073333)
(843, 70, 0.99955932379626677, 0.64884595034214365, 0.36461989237955689)
(844, 70, 0.9975685466325056, 0.31279207362215983, 0.19410360393929615)
(845, 70, 0.99934017566232125, 0.41772137318472941, 0.28063736008472318)
(846, 70, 0.98789525159543023, 0.32566583435050145, 0.2101620333214318)
(847, 70, 0.9996508491970223, 0.69152903194042281, 0.31031144722510562)
(848, 0, 0, 0, 0.0)
(849, 0, 0, 0, 0.0)
(850, 70, 0.99221042739069931, 0.35040257597923175, 0.20373085544785596)
(851, 70, 0.99995060769221789, 0.32084114524033897, 0.20122673209962694)
(852, 70, 0.99974367971360678, 0.41410065741052465, 0.26417407519858727)
(853, 0, 0, 0, 0.0)
(854, 68, 0.47765026900155427, 0.58386008747354146, 0.39728237686569773)
(855, 0, 0, 0, 0.0)
