50.7997842932,0
66.2756137308,1
65.1726260017,2
68.6843583196,3
61.928891457,4
44.6913231588,5
43.421730355,6
39.8318260355,7
52.5265379171,8
41.2809967302,9
59.3736578794,10
58.9626851959,11
67.6110481989,12
73.224720392,13
68.8926458424,14
44.8221255939,15
30.7955549609,16
42.2730883971,17
77.4650322681,18
64.0410720935,19
72.8721122448,20
85.0,21
31.7924361488,22
38.4791093008,23
23.4823770043,24
61.5716509028,25
70.5872346856,26
66.1875083207,27
68.707437388,28
65.6829961887,29
20.0,30
28.2103342718,31
