(0, 22, 0.99719493857499897, 0.039133397190359326, 0.39506826306796844)
(1, 28, 0.99816257540831477, 0.47206182084868281, 0.87154098243335232)
(2, 6, 0.99724885116266315, 0.13534668971373381, 0.096919243036441075)
(3, 49, 0.99977500658338703, 0.36543632376955726, 0.87728809532398844)
(4, 10, 0.99009956052480108, 0.11885354919323578, 0.1953902291705312)
(5, 21, 0.97480728932061422, 0.20696575820807719, 0.44041592908893618)
(6, 49, 0.96448174456752545, 0.0058537188955590722, 0.085025959103025087)
(7, 12, 0.99604796312439192, 0.077252459198967796, 0.066296441894468247)
(8, 11, 0.99824496361001769, 0.30461229090065689, 0.88674696537318665)
(9, 15, 0.99771319788021362, 0.080641293046207679, 0.054831862958833577)
(10, 25, 0.99067658175408713, 0.019121893591504697, 0.049711577110184403)
(11, 44, 0.99548970305103868, 0.030137491118115763, 0.060548645762705244)
(12, 43, 0.99561881975282818, 0.13527564153196309, 0.12016213103207428)
(13, 3, 0.98761018099700659, 0.13091647560466457, 0.14369346167777453)
(14, 35, 0.97669376484421877, 0.010309450454523944, 0.054026074113717154)
(15, 12, 0.99623294445833965, 0.041908485057931287, 0.055952352547526972)
(16, 44, 0.99631045023507148, 0.301836048156643, 0.2319597059475654)
(17, 33, 0.99839760242296782, 0.37985158734638436, 0.85566579137274745)
(18, 45, 0.98888922627773657, 0.10971189162294473, 0.28714286181171161)
(19, 19, 0.99906056960340883, 0.13404543803738969, 0.41069685507184456)
(20, 25, 0.99380127199151014, 0.018117791986946474, 0.047834846369146096)
(21, 12, 0.99884592851633369, 0.27377201360276132, 0.85202633450081777)
(22, 1, 0.99865740906136724, 0.23867155749689603, 0.32720515778269221)
(23, 46, 0.99753811470783338, 0.15421181420198257, 0.14978371587833983)
(24, 17, 0.99825081718400421, 0.23134091826098541, 0.1507435045959141)
(25, 44, 0.99339968702252135, 0.031101941832652882, 0.051702509164192528)
(26, 15, 0.9991521109044732, 0.53842190349786734, 0.86872638112521472)
(27, 36, 0.9992461472170574, 0.102827939986813, 0.043144205430772388)
(28, 4, 0.99931440155785467, 0.23518931361258405, 0.11247472608180598)
(29, 23, 0.99916597966772158, 0.15968899408806589, 0.098456178002236452)
(30, 44, 0.9947157298056063, 0.032380333348396739, 0.06559493502780013)
(31, 6, 0.9993966976883476, 0.43593768245714015, 0.89868520930601148)
(32, 49, 0.99720028390529036, 0.040728534083786662, 0.071798359852638868)
(33, 44, 0.99543190233931556, 0.48116081579300179, 0.46700791240677697)
(34, 3, 0.99826779798227772, 0.063424540091529744, 0.050969124041667015)
(35, 13, 0.99749847924027035, 0.1243390134814716, 0.083408047498568713)
(36, 36, 0.991964857166035, 0.023205622307465184, 0.049487898235271777)
(37, 49, 0.9922122468908755, 0.11949090579501997, 0.095093904479280525)
(38, 42, 0.98911849884130854, 0.11312165139647679, 0.15078191418854661)
(39, 33, 0.98796125243280886, 0.053622055030629487, 0.085090034038399029)
(40, 12, 0.9854958400716588, 0.013458143734363805, 0.04673012195092633)
(41, 29, 0.9968126420953406, 0.041911961520756859, 0.15093118203592479)
(42, 20, 0.99799697426696155, 0.12739416877127041, 0.055452011337972097)
(43, 28, 0.99427821136045613, 0.013391420275998163, 0.052479867525389828)
(44, 23, 0.99861291820960274, 0.061526854494350643, 0.065656697682979409)
(45, 3, 0.99905225358773775, 0.15534306158750921, 0.20036439312131171)
(46, 49, 0.9888211707153578, 0.11459576509057462, 0.11742843551884369)
(47, 13, 0.95266237967980805, 0.10197532804465942, 0.11559874038177875)
(48, 6, 0.99924417900628415, 0.29280106491765362, 0.60063070080516057)
(49, 44, 0.99079000069072909, 0.01480341123221373, 0.092249013775988542)
(50, 25, 0.99710546171485026, 0.14675057822981691, 0.088039789561061413)
(51, 10, 0.99440090737247566, 0.022434454842870932, 0.044953204922212602)
(52, 33, 0.98680149831414821, 0.0093238230192798366, 0.086956030274288332)
(53, 11, 0.99869656971948262, 0.078810893125263265, 0.042028837942508522)
(54, 3, 0.99513745062239278, 0.034272985825267381, 0.052349128143678057)
(55, 46, 0.99418696255239236, 0.18733890601590858, 0.23020006514878455)
(56, 10, 0.99536074110679507, 0.02540025385560913, 0.043898084279846351)
(57, 49, 0.99751261630247756, 0.11822143902965825, 0.063365222598294024)
(58, 7, 0.99422632240437203, 0.12226304334351651, 0.080211160494659858)
(59, 25, 0.99613254983108657, 0.026543498169368056, 0.055789776747242163)
(60, 11, 0.99604567774844333, 0.030982430769389668, 0.051665540298894419)
(61, 46, 0.99204466647701561, 0.027513386485719681, 0.04228853666827237)
(62, 46, 0.99415026621912184, 0.010960953245476572, 0.085549529548526612)
(63, 48, 0.99944260181805122, 0.36835623762349257, 0.8116461617606715)
(64, 49, 0.99765675873734294, 0.1327505911176329, 0.085400975065810236)
(65, 3, 0.99710929823713745, 0.041116123545979405, 0.057417765119213558)
(66, 49, 0.99448706082529748, 0.017965771528690246, 0.052273693896513033)
(67, 21, 0.97767075117027413, 0.11162953697599517, 0.13230456490884562)
(68, 25, 0.99762720785301684, 0.058677148158917634, 0.049677858600361308)
(69, 3, 0.99248619131707638, 0.11449994739327361, 0.11832232874157296)
(70, 6, 0.99342501306183473, 0.12398168035063956, 0.1003924307083115)
(71, 49, 0.99483968028910996, 0.026106790836022957, 0.056092303598895964)
(72, 12, 0.99863774271550021, 0.062875788556444143, 0.055220918204703616)
(73, 47, 0.99931631564436352, 0.30855024252854357, 0.50490348137929975)
(74, 49, 0.98633153926690875, 0.019549867285751293, 0.063010729622991216)
(75, 49, 0.99916408132439416, 0.50338780002855277, 0.87988025935910341)
(76, 11, 0.99800855202012961, 0.22268017924144598, 0.82039467782226116)
(77, 6, 0.99877392971751855, 0.27697239622312508, 0.49716641531803774)
(78, 43, 0.99830215851965676, 0.45435585231953823, 0.89191129415149728)
(79, 4, 0.9977069938050942, 0.16268035963094674, 0.086358199153837842)
(80, 33, 0.99548339347522952, 0.043747797521005598, 0.059829430437340236)
(81, 45, 0.98676215285414959, 0.27774298180830642, 0.85428791269462812)
(82, 33, 0.99285220028292742, 0.02407697571743669, 0.042282442288411715)
(83, 49, 0.9838975820042436, 0.10815820708971385, 0.098857042343153956)
(84, 4, 0.99891939568168187, 0.19224425981071835, 0.085006720455556503)
(85, 17, 0.99864753445104171, 0.067110528093985822, 0.11539668461432954)
(86, 49, 0.99783121636045169, 0.034047676951710619, 0.070255917075448912)
(87, 11, 0.99610930773946382, 0.035969119779141585, 0.053031050838455995)
(88, 33, 0.96703090878935594, 0.008941517906056632, 0.052029900850554943)
(89, 25, 0.99899096858649916, 0.12753843894443362, 0.13070852454816237)
(90, 6, 0.9985988903571994, 0.17084916344820411, 0.10088230402774589)
(91, 22, 0.99800595667616188, 0.18564031455135849, 0.10342074665933332)
(92, 3, 0.99624517206719831, 0.048870635922735731, 0.053327082420415305)
(93, 39, 0.95430426768624854, 0.0033552048425460348, 0.15927485183624693)
(94, 26, 0.99537127139620252, 0.026434409253721824, 0.056633593116508944)
(95, 35, 0.9756765965111579, 0.016814417546945109, 0.074103642087827368)
(96, 0, 0.99770100668263118, 0.25928861687413751, 0.65430520285703087)
(97, 48, 0.99424900701036445, 0.12633130667956005, 0.10142429874229275)
(98, 6, 0.99859360981536127, 0.53790709722761976, 0.86868303784659462)
(99, 44, 0.92287033550891762, 0.0043653439073189264, 0.12153735395944831)
(100, 2, 0.99793587715669529, 0.36044405176634531, 0.86066277141708181)
(101, 27, 0.99985064516056854, 0.4088400596180683, 0.88028702222358002)
(102, 36, 0.99794913890643966, 0.047818532024724435, 0.098592808982597757)
(103, 48, 0.99429702887739291, 0.11834894069760488, 0.090484202686564139)
(104, 46, 0.98871675224629163, 0.018733644035183968, 0.047003476084797269)
(105, 3, 0.9944952289256408, 0.1189148343147045, 0.12934379308346031)
(106, 7, 0.99499870380407074, 0.031584493566391925, 0.13592778888483059)
(107, 45, 0.99061127639647406, 0.016173051893487451, 0.10779460564378908)
(108, 27, 0.99528302440175387, 0.12188111839717575, 0.10870136175371468)
(109, 48, 0.99789118872178006, 0.15820237478049612, 0.083001527642362724)
(110, 3, 0.99370160893252424, 0.020967948939374054, 0.044030426719365252)
(111, 42, 0.9864940838617402, 0.11732659011910901, 0.17669282504923536)
(112, 10, 0.99587201681509741, 0.072811626931908249, 0.14938791264884929)
(113, 28, 0.97869231253437206, 0.004217619652089671, 0.13354995220890567)
(114, 43, 0.99810154108024884, 0.26375612674353138, 0.37379393607713213)
(115, 49, 0.98332580331815578, 0.10895294824536388, 0.11442379134647818)
(116, 49, 0.99773596415741483, 0.18282336624002354, 0.10216314845026152)
(117, 7, 0.99468326293897502, 0.025004609933660653, 0.056808736726472749)
(118, 24, 0.99275139818247682, 0.017563933955274461, 0.042995172833260313)
(119, 49, 0.9983351289501774, 0.12025130449435245, 0.10098055198848094)
(120, 36, 0.99535748637570864, 0.026360687923473552, 0.05086451696996807)
(121, 25, 0.99791746265067949, 0.1548255813484338, 0.16126920505761858)
(122, 36, 0.99912211642409721, 0.31248786314232202, 0.83949879714364328)
(123, 21, 0.99632791428580403, 0.12473719635380437, 0.12975267073072019)
(124, 6, 0.99512543038346657, 0.13823889091074235, 0.099108132017615772)
(125, 25, 0.99913730041616367, 0.1216527766683239, 0.085407141378983087)
(126, 35, 0.99779254497771319, 0.1353760754004967, 0.091461837698457296)
(127, 36, 0.99527599353482243, 0.052578739727716539, 0.075285593782056626)
(128, 15, 0.99872364389360957, 0.2045167417387013, 0.77125563789605567)
(129, 3, 0.99439881068862801, 0.15256993529665991, 0.18629471529310779)
(130, 4, 0.99919524102522617, 0.17411572481628504, 0.078758079308261605)
(131, 48, 0.99673018485306875, 0.14421135106363939, 0.10675518954392155)
(132, 46, 0.99358023849002985, 0.14645017805331123, 0.15888728189182974)
(133, 44, 0.99191736472490954, 0.046270015135833585, 0.10679168055505341)
(134, 17, 0.99943886036229301, 0.33119963520836809, 0.50846002222691344)
(135, 24, 0.99394428240937704, 0.052146081840373566, 0.13648054670639931)
(136, 12, 0.99506188922432548, 0.020869876910276079, 0.03943083178651257)
(137, 49, 0.99492175858369536, 0.1154263447246905, 0.094458055476751235)
(138, 49, 0.9979895418164989, 0.16604574555955109, 0.094161763857110392)
(139, 12, 0.99824874060872026, 0.079199724524809889, 0.048934296364131991)
(140, 23, 0.9948108438132951, 0.11898252591594677, 0.11367400308582992)
(141, 10, 0.99295710848975638, 0.047812054605739666, 0.080356108789850569)
(142, 48, 0.99674609384408375, 0.16155924686185927, 0.098667923087530543)
(143, 44, 0.97878918266674819, 0.016681442965670857, 0.12112017680164433)
(144, 27, 0.97457855702114693, 0.10669315986673704, 0.091308346120768935)
(145, 7, 0.99547281021118417, 0.13783782388232169, 0.12150597156203469)
(146, 27, 0.99792989636053342, 0.1390565203183009, 0.096362823858028676)
(147, 33, 0.97681380064487422, 0.0040599159559380031, 0.10172661682700766)
(148, 11, 0.99730594549570672, 0.033624226044005515, 0.15436705050870905)
(149, 49, 0.99655351234377754, 0.1687265144587223, 0.11255516338449727)
(150, 36, 0.9979101085601273, 0.044993332603694314, 0.093732585414541478)
(151, 48, 0.99657273102796273, 0.29497079922489078, 0.66256127481315119)
(152, 33, 0.98913777962616212, 0.017541542425383486, 0.042478059663262346)
(153, 3, 0.99380626028957786, 0.02266586041783332, 0.042621748110509845)
(154, 16, 0.99634990558093184, 0.13229369477954653, 0.085275298482535997)
(155, 33, 0.95515392627285034, 0.0072957743049092234, 0.059294607433049672)
(156, 49, 0.99662869597431647, 0.11652363391322799, 0.04493646518608984)
(157, 44, 0.99346714433776073, 0.1944429127624368, 0.23628631524581203)
(158, 22, 0.99724597731201203, 0.081122040089482719, 0.04335942413741465)
(159, 21, 0.99025554034453001, 0.12235060921699405, 0.11138597017390224)
(160, 44, 0.99810638399405938, 0.071835694365821004, 0.092929399836301538)
(161, 41, 0.99858855291410697, 0.16125997587482821, 0.12186996818546175)
(162, 25, 0.99342100353180185, 0.018920266689717899, 0.048276622614122078)
(163, 6, 0.99867945655542778, 0.20426485532661035, 0.099929968931501342)
(164, 45, 0.99077809802455918, 0.13190123015320276, 0.31750246970620577)
(165, 3, 0.99866296089879747, 0.14538279047418134, 0.12879561334173262)
(166, 35, 0.99105157793779264, 0.11283561421728423, 0.093169880909567335)
(167, 48, 0.98224773582337932, 0.10803923576621884, 0.089975221448589757)
(168, 25, 0.98145924717622157, 0.0092785897651246809, 0.053086817009735228)
(169, 28, 0.99540187859678542, 0.01814594746940636, 0.057149585967206595)
(170, 3, 0.99560722036933691, 0.033259104659586321, 0.048015833613118092)
(171, 43, 0.99698907670812653, 0.24986281947494252, 0.27513619933369576)
(172, 3, 0.99070369383373114, 0.016928515283960721, 0.042469688995950002)
(173, 21, 0.99228271077062624, 0.11895734771536781, 0.13143171680640678)
(174, 17, 0.99840043612618223, 0.16077189606635967, 0.13358168662015077)
(175, 7, 0.99802216432124147, 0.044887698061908905, 0.059522682340168311)
(176, 48, 0.99907207695871181, 0.19773876940832363, 0.10310324200578946)
(177, 10, 0.99016995335456393, 0.0083509991544278364, 0.083331243713424333)
(178, 39, 0.98597795074196259, 0.026533689715783869, 0.13229942313624166)
(179, 12, 0.99775228248935222, 0.047159422872217825, 0.05951204865532686)
(180, 25, 0.99740759584351446, 0.060099762014194189, 0.048642387610849686)
(181, 17, 0.99777366014853508, 0.17697813917247707, 0.1355859974317439)
(182, 25, 0.99773999168272387, 0.06862346246111814, 0.04767985011364826)
(183, 30, 0.99837806990724753, 0.30669941076492591, 0.61629323219106602)
(184, 49, 0.89683863336939951, 0.1016368929187578, 0.11728727295751425)
(185, 17, 0.99742887763733301, 0.20908998156856637, 0.11804848197152819)
(186, 39, 0.80332253148377175, 0.099051477481213637, 0.3090653419429536)
(187, 12, 0.99751032024619102, 0.066922217610415474, 0.049189853118982503)
(188, 36, 0.99870756045775644, 0.15796314532930777, 0.2708601121133451)
(189, 42, 0.9879655434888438, 0.11736404703341791, 0.20759358023579186)
(190, 21, 0.99686546356093386, 0.16112081470802966, 0.10716131273599422)
(191, 41, 0.97735975068547409, 0.1071915051063439, 0.10708948620461516)
(192, 25, 0.99453218178630398, 0.027672429734856285, 0.054580764645895931)
(193, 0, 0, 0.0, 0.0)
(194, 47, 0.99814492270461563, 0.16570657806264827, 0.081823991960382106)
(195, 6, 0.99941469918840931, 0.32713539309389988, 0.79235060751476138)
(196, 16, 0.99841027473472532, 0.55475180286934878, 0.79954210356299094)
(197, 29, 0.99857506881956681, 0.26327645120578591, 0.87978820189128459)
(198, 49, 0.99797941938354828, 0.075192910437804003, 0.039693716536552133)
(199, 6, 0.9991019683762371, 0.2057639570097024, 0.095099989449372188)
(200, 43, 0.99758975892132451, 0.15730861347721595, 0.1083797338424423)
(201, 15, 0.998434404770001, 0.13471577935518056, 0.64991221113125797)
(202, 48, 0.99540681610464943, 0.1361474348823784, 0.086777576756245992)
(203, 44, 0.99757609306411354, 0.042456451463496858, 0.11672226210943575)
(204, 45, 0.94896942579063903, 0.099578411481795304, 0.19697614839944944)
(205, 33, 0.99767646556124634, 0.061954825875316533, 0.15313192575934795)
(206, 28, 0.99811793696103157, 0.050001254233736497, 0.060846916877932082)
(207, 33, 0.99800799274889951, 0.083379032057843971, 0.24768464738006646)
(208, 33, 0.98900374633742494, 0.0069437976909183683, 0.1050703373955041)
(209, 36, 0.99567093181928756, 0.047695254692591053, 0.071360611310638991)
(210, 33, 0.99589005241716266, 0.01954347496566047, 0.080074851242941794)
(211, 2, 0.99768835436489445, 0.094088134623655062, 0.052994218855323523)
(212, 23, 0.99720641708324831, 0.14487447379170021, 0.089119167543692354)
(213, 44, 0.99485910136356093, 0.021790064050858933, 0.092715975337166856)
(214, 38, 0.99713518987623728, 0.20872655451788744, 0.15864590732524222)
(215, 21, 0.97843481985066927, 0.086090382719207756, 0.20801987334815206)
(216, 16, 0.99807343697494522, 0.29710369274023107, 0.48230195312118651)
(217, 25, 0.99300160221220091, 0.027562923526962175, 0.046964827298392277)
(218, 26, 0.99916500418912479, 0.083690278369419779, 0.24806178134569809)
(219, 48, 0.99651195310679785, 0.15588568246104303, 0.093594920822493377)
(220, 44, 0.98734680808489517, 0.54724321119972152, 0.4157675034878856)
(221, 39, 0.99278855310413483, 0.14481036870941011, 0.30957800110208961)
(222, 3, 0.99788346808987505, 0.066657090113799874, 0.053733934464788198)
(223, 0, 0, 0.0, 0.0)
(224, 6, 0.9991857745231818, 0.28378481394520561, 0.39432067535772958)
(225, 17, 0.99504243169267459, 0.14558947276823977, 0.13704778079975241)
(226, 22, 0.99878716423254821, 0.45474019133386406, 0.87253853955821226)
(227, 4, 0.99888033593719971, 0.43032726161400209, 0.86905875943441224)
(228, 45, 0.96301409115062309, 0.0081330452670440589, 0.063503773568424376)
(229, 28, 0.99086090783705327, 0.11412768666565953, 0.11723308324766361)
(230, 13, 0.92089506022369538, 0.10257401624795663, 0.11215076588943328)
(231, 21, 0.98974301269251264, 0.11796140679314787, 0.10528412103523847)
(232, 48, 0.99788754333007568, 0.16115706962771326, 0.083907785501702789)
(233, 21, 0.9861252411619037, 0.10921995500330373, 0.10697006771782187)
(234, 3, 0.98739362953740206, 0.11123601275039066, 0.11046816006346753)
(235, 21, 0.9908717612396184, 0.17330484427776985, 0.25009212875083736)
(236, 13, 0.99858995244705873, 0.18391404068065154, 0.086885392551319662)
(237, 46, 0.97283343983675974, 0.0099894679748848518, 0.060412412857954456)
(238, 0, 0.9948848789358381, 0.1252603372528619, 0.10459247992440458)
(239, 30, 0.89090222919616502, 0.10199923641729247, 0.11951135165942939)
(240, 14, 0.9763825937522228, 0.10516848588385337, 0.10087573444648117)
(241, 42, 0.98577649084217489, 0.11437228043904546, 0.14208749101526141)
(242, 49, 0.98644851236270359, 0.10966007966549202, 0.097175965401311279)
(243, 49, 0.99816498957460997, 0.1340859579256688, 0.082019755434130204)
(244, 14, 0.97605798082047601, 0.10392606676637235, 0.097682157764736766)
(245, 11, 0.99196847838412494, 0.018862661323336877, 0.047306607090224877)
(246, 3, 0.9573907102671797, 0.10329732417110263, 0.11676612378761782)
(247, 25, 0.98769359133336621, 0.10663791577011802, 0.10473691038365031)
(248, 38, 0.99500618419819931, 0.028421221246541561, 0.05141604392374486)
(249, 49, 0.97350285535096048, 0.10436448566138767, 0.098211881414967214)
(250, 28, 0.97601268972327615, 0.007980008592169888, 0.057129793651294093)
(251, 36, 0.98982349443767237, 0.013044067402946545, 0.044078962840059133)
(252, 33, 0.99398496132713265, 0.020787266173487931, 0.038665753222062643)
(253, 49, 0.99235609045511397, 0.018664725909060431, 0.053697386502864021)
(254, 35, 0.99582472425904456, 0.13418595017430321, 0.1015728917116369)
(255, 45, 0.96960805473347511, 0.0097531345072517268, 0.055323459534158202)
(256, 33, 0.97656828963534992, 0.0097451265311430824, 0.048846661486456312)
(257, 10, 0.99671886297616918, 0.033499983765924307, 0.054566973032806144)
(258, 44, 0.98406592220646394, 0.012621030819224884, 0.05202880722032225)
(259, 17, 0.96721507602162859, 0.005678702224003229, 0.11789267785767564)
(260, 33, 0.68581501017711965, 0.0048907014348862033, 0.15193751817788956)
(261, 12, 0.99224874330785418, 0.0042946285172017432, 0.1021712144374272)
(262, 33, 0.99161005187341567, 0.014594943679789689, 0.05110230080782574)
(263, 33, 0.98511789458327415, 0.0098358806785046882, 0.050172543879859928)
(264, 49, 0.9988266442354512, 0.26004952981267887, 0.25453880819408592)
(265, 25, 0.99793987802311279, 0.10416519936127439, 0.048522485574133599)
(266, 36, 0.99363777307731271, 0.03281297300007608, 0.054723610624580511)
(267, 21, 0.99384386503935129, 0.11513987732837719, 0.10181196828422802)
(268, 7, 0.99250211434753521, 0.11381452653674143, 0.09737665830458192)
(269, 33, 0.61406727945469863, 0.0047002237546209698, 0.17236766181571075)
(270, 3, 0.96906432231006845, 0.0087082050606011839, 0.051796913892314854)
(271, 19, 0.99896522201781335, 0.44209914115809279, 0.8760991545118294)
(272, 47, 0.99954555539072965, 0.53250011003335262, 0.8795988906002411)
(273, 48, 0.99932347534581811, 0.34836713826290211, 0.75042702948032625)
(274, 21, 0.98033840849104703, 0.24159790648097904, 0.62575150432152782)
(275, 6, 0.99924722933700749, 0.49112997988325957, 0.867280701277787)
(276, 36, 0.99912245529086785, 0.11438354115918369, 0.20937415870816919)
(277, 23, 0.99938464335390254, 0.36257825394902049, 0.79462706505906244)
(278, 44, 0.98625639190018344, 0.0068732118528796815, 0.091457887482944936)
(279, 4, 0.99885217065878018, 0.18086391249022898, 0.08255641543988769)
(280, 44, 0.98531162803531425, 0.01469532845692305, 0.046556747915324596)
(281, 38, 0.99591248102257768, 0.042229373256796238, 0.053224792000031461)
(282, 17, 0.86513998491113187, 0.004898924320916021, 0.128823875786785)
(283, 43, 0.99378646849815089, 0.35428742274599334, 0.79482515960332811)
(284, 43, 0.99890543359788408, 0.29746488428131518, 0.65369730106306945)
(285, 6, 0.99826508386403867, 0.28667874440814101, 0.54317590941012783)
(286, 25, 0.99710496710994045, 0.037539583384026173, 0.057276456305418978)
(287, 33, 0.99964790620127819, 0.092288934684447266, 0.05182091260213928)
(288, 25, 0.99816276435454399, 0.10890975035601731, 0.048419784637251016)
(289, 49, 0.99794074569757285, 0.14927870591501116, 0.087568455655181607)
(290, 35, 0.98560964314226951, 0.11038996753916407, 0.10486188115672845)
(291, 30, 0.98842004505293435, 0.011188856840840096, 0.097735822215688536)
(292, 10, 0.99284688310107327, 0.024233543058058277, 0.040016709029289659)
(293, 24, 0.96130561088486866, 0.0036722013338377222, 0.11029903068741655)
(294, 35, 0.9913402789253396, 0.11672355139426774, 0.090235910138907485)
(295, 12, 0.99275529602918944, 0.024359778774850478, 0.042517710803208431)
(296, 17, 0.9971339984558526, 0.14665342644169177, 0.15797690614107751)
(297, 35, 0.99915362357454263, 0.16407673017637001, 0.11688617671009532)
(298, 42, 0.9769471855122932, 0.13113188474421633, 0.33344726337336356)
(299, 25, 0.99418316429585951, 0.025039298882433534, 0.04778889997480687)
(300, 14, 0.99722033597979953, 0.16361954070689869, 0.11742749390544734)
(301, 27, 0.99482231340727478, 0.12263945333974642, 0.1009763567696068)
(302, 13, 0.99822953499833622, 0.18547970636446873, 0.12265687071257959)
(303, 1, 0.99871103757147184, 0.29267270358674491, 0.63723443203042207)
(304, 35, 0.98743173656496519, 0.020071735253186212, 0.10846247036297584)
(305, 44, 0.99434602982100406, 0.040641187319061939, 0.084924059945343425)
(306, 43, 0.99875804409778624, 0.27921565538802651, 0.51719784983144734)
(307, 35, 0.98462886452895848, 0.10819156321005335, 0.099287591729719168)
(308, 23, 0.99880046992565485, 0.23431900535911876, 0.11851524567330017)
(309, 25, 0.98425897980092425, 0.013712040168367344, 0.057947896407568054)
(310, 46, 0.99605222157739559, 0.2893732648829167, 0.84252332758913429)
(311, 17, 0.99498192667156449, 0.12431168304403076, 0.12396491874912256)
(312, 44, 0.99557831687362808, 0.027485223395506828, 0.098863053011833443)
(313, 48, 0.99572003441425339, 0.13187740526208916, 0.097679198055000124)
(314, 35, 0.99514159264654178, 0.12637334949343862, 0.078007253734811835)
(315, 21, 0.99638871569118004, 0.42179277439858776, 0.87303135670972154)
(316, 21, 0.99186815329230871, 0.18515091056564981, 0.30533763275333037)
(317, 15, 0.99925256097520132, 0.25339729012329637, 0.70633170296655245)
(318, 25, 0.99772207768328469, 0.14865900617694136, 0.097884744910854596)
(319, 3, 0.99916920169300905, 0.56115347284548112, 0.84835586455642176)
(320, 12, 0.99870696426520722, 0.29406839803179724, 0.78279040634301433)
(321, 46, 0.98980340036403869, 0.034015417388069027, 0.050319907308529588)
(322, 4, 0.99964332572948056, 0.30670412499594618, 0.87955121600153452)
(323, 25, 0.99702470897297668, 0.039575107927773828, 0.063475882078550275)
(324, 44, 0.99463726977511469, 0.031588562385743563, 0.095838281548967674)
(325, 44, 0.99765143803726564, 0.087621808061960779, 0.092654614975814842)
(326, 12, 0.99593717745135046, 0.049131664947657555, 0.061609046651001781)
(327, 28, 0.9838337075779916, 0.011111311557951236, 0.053746048294254667)
(328, 33, 0.99594478153634536, 0.025664073954586211, 0.045758659914461826)
(329, 16, 0.99913150286421526, 0.33921506074505792, 0.70875258421610976)
(330, 23, 0.99801804653365123, 0.19012467333824035, 0.095249453490609148)
(331, 0, 0, 0.0, 0.0)
(332, 12, 0.99711293894454534, 0.037499354938225114, 0.052222423200992234)
(333, 49, 0.99517536488838898, 0.0234176966995902, 0.051456234896506053)
(334, 48, 0.99853618879615758, 0.15540998010158341, 0.087366211977080097)
(335, 44, 0.987676922983733, 0.23433976526415495, 0.33406323392707699)
(336, 35, 0.98553995089936353, 0.047207277002519761, 0.16454597340996949)
(337, 46, 0.95285445279349712, 0.0088327644948836305, 0.052482083130357716)
(338, 21, 0.99520383475789975, 0.13907456084330633, 0.11478902196829444)
(339, 36, 0.9966138311722551, 0.072448226135625973, 0.13909828766433427)
(340, 41, 0.99784527019925662, 0.14815615008261501, 0.095555005229652365)
(341, 48, 0.99789802342924194, 0.17851129917728981, 0.097381321094047069)
(342, 21, 0.99602741182385712, 0.12433534018987275, 0.12326921389285339)
(343, 3, 0.98517968213638607, 0.11461887445227209, 0.12786076120626413)
(344, 49, 0.99302546460790564, 0.11635591386875631, 0.089326225735090733)
(345, 2, 0.99851918896619551, 0.1960928358686666, 0.86244366981116283)
(346, 49, 0.99852684794201718, 0.071025327712431696, 0.035895638424177041)
(347, 25, 0.99607040111851797, 0.026901835314528017, 0.048466613084815598)
(348, 21, 0.98320246906601116, 0.11853694371499615, 0.17449190997498198)
(349, 47, 0.99420661282523348, 0.12154683761874642, 0.096626333872441628)
(350, 0, 0, 0.0, 0.0)
(351, 48, 0.99913016884219408, 0.17002445905550909, 0.092059930905181719)
(352, 27, 0.99865375920829524, 0.27057761185956036, 0.44161928053428773)
(353, 27, 0.99940256444138698, 0.40967216561457653, 0.86655921455759388)
(354, 2, 0.9953458798728112, 0.028634640153468553, 0.067630847049489393)
(355, 26, 0.99900785735223074, 0.15938524971499343, 0.68079834528417271)
(356, 44, 0.99470921485842034, 0.075153215660877778, 0.12373171444965587)
(357, 36, 0.99789243974329245, 0.12880048747758918, 0.23729627301956344)
(358, 44, 0.9792253091801344, 0.043760359348595373, 0.13642723631920731)
(359, 6, 0.99879364057293174, 0.31005028539238505, 0.57863881483034751)
(360, 6, 0.99938976434753424, 0.31050306475048173, 0.62881443174582008)
(361, 17, 0.99920397085827484, 0.36763530200727285, 0.69168456112748677)
(362, 19, 0.99933971284887013, 0.22023217365955977, 0.12442153536192076)
(363, 25, 0.9994757526315331, 0.18676927831346837, 0.64331927997027172)
(364, 11, 0.99823923772988032, 0.0617044621761976, 0.046098946037527629)
(365, 25, 0.9965515339704496, 0.29771461756414985, 0.84703170907178549)
(366, 26, 0.9990590923574999, 0.39183494285094034, 0.8436871195261566)
(367, 35, 0.99626139423143756, 0.1329432346954319, 0.083761443524821774)
(368, 25, 0.99881327437873679, 0.22139248725382923, 0.8704331922360774)
(369, 3, 0.99901198929753621, 0.098680817103474788, 0.046099780704540079)
(370, 36, 0.99940432457667672, 0.16272761703489189, 0.061396156275042225)
(371, 15, 0.997452915532274, 0.062854968864651931, 0.051656227240739205)
(372, 48, 0.99952156439082096, 0.28455395616184703, 0.47719474414170371)
(373, 48, 0.99747070375939917, 0.13452287884392872, 0.10303604139837808)
(374, 35, 0.99554984470668517, 0.12609486854171464, 0.082861356846410647)
(375, 49, 0.9995943952498163, 0.35697600854801892, 0.71006985985355475)
(376, 22, 0.9957331763512457, 0.13524909663218221, 0.1062135527156796)
(377, 25, 0.99284611705201675, 0.020338805174221763, 0.049399901057981845)
(378, 43, 0.9919030694752563, 0.11934119932649037, 0.11466940803945073)
(379, 49, 0.99943148908838664, 0.1619424747802474, 0.39817975522853449)
(380, 12, 0.99423646247601349, 0.015491118863049713, 0.040493276594469607)
(381, 44, 0.99619135459859676, 0.026250991566408047, 0.056336009231813096)
(382, 49, 0.97079794762120009, 0.10364087584461043, 0.095724307400589403)
(383, 46, 0.95557058916513626, 0.10487694731083401, 0.13497758501031795)
(384, 30, 0.99790154935419884, 0.2213809661512173, 0.12241943925167405)
